Hmm	ORF	tlen	qlen	Eval	score	start	end	Acc	Pos	Cov_seq	Cov_hmm	strand
2OG_0_CAS-I-II-III-IV-V-VI	NIPA01000063.1_41	208	205	4.8e-05	21.1	47184	47807	NIPA01000063.1	41	0.3557692307692308	0.4097560975609756	-1
2OG_0_CAS-I-II-III-IV-V-VI	NIPA01000111.1_88	243	205	2.7e-06	25.2	94066	94794	NIPA01000111.1	88	0.3168724279835391	0.37073170731707317	1
2OG_1_CAS-I-II-III-IV-V-VI	NIPA01000063.1_41	208	94	2.6e-12	45.8	47184	47807	NIPA01000063.1	41	0.4182692307692308	0.9893617021276596	-1
2OG_1_CAS-I-II-III-IV-V-VI	NIPA01000073.1_132	210	94	1.7e-20	72.1	141287	141916	NIPA01000073.1	132	0.4238095238095238	0.9893617021276596	-1
2OG_1_CAS-I-II-III-IV-V-VI	NIPA01000111.1_88	243	94	2.2e-15	55.7	94066	94794	NIPA01000111.1	88	0.38271604938271603	0.9680851063829787	1
AbiEii_0_CAS-III	NIPA01000002.1_37	543	284	1.5e-05	23.3	37388	39016	NIPA01000002.1	37	0.11233885819521179	0.13732394366197184	1
AbiEii_0_CAS-III	NIPA01000002.1_86	234	284	5.4e-05	21.5	88653	89354	NIPA01000002.1	86	0.3717948717948718	0.29225352112676056	1
AbiEii_0_CAS-III	NIPA01000005.1_2	240	284	3.5e-06	25.3	2125	2844	NIPA01000005.1	2	0.44166666666666665	0.3485915492957746	1
AbiEii_0_CAS-III	NIPA01000010.1_159	370	284	0.00026	19.2	172528	173637	NIPA01000010.1	159	0.23513513513513515	0.3204225352112676	1
AbiEii_0_CAS-III	NIPA01000010.1_38	422	284	0.022	12.9	44558	45823	NIPA01000010.1	38	0.20616113744075829	0.25	-1
AbiEii_0_CAS-III	NIPA01000010.1_87	270	284	8.7e-05	20.8	97634	98443	NIPA01000010.1	87	0.1111111111111111	0.10211267605633803	1
AbiEii_0_CAS-III	NIPA01000010.1_90	336	284	0.00069	17.8	100261	101268	NIPA01000010.1	90	0.2767857142857143	0.31338028169014087	1
AbiEii_0_CAS-III	NIPA01000012.1_46	235	284	0.00011	20.4	49186	49890	NIPA01000012.1	46	0.4340425531914894	0.352112676056338	-1
AbiEii_0_CAS-III	NIPA01000012.1_72	309	284	4.7e-07	28.2	71396	72322	NIPA01000012.1	72	0.3333333333333333	0.3485915492957746	-1
AbiEii_0_CAS-III	NIPA01000016.1_22	522	284	4.5e-07	28.3	21600	23165	NIPA01000016.1	22	0.2796934865900383	0.3873239436619718	1
AbiEii_0_CAS-III	NIPA01000018.1_110	228	284	0.038	12.1	129732	130415	NIPA01000018.1	110	0.38596491228070173	0.30633802816901406	1
AbiEii_0_CAS-III	NIPA01000018.1_174	256	284	1.5e-05	23.2	193857	194624	NIPA01000018.1	174	0.5546875	0.4859154929577465	-1
AbiEii_0_CAS-III	NIPA01000018.1_188	258	284	0.0034	15.6	206693	207466	NIPA01000018.1	188	0.36046511627906974	0.3345070422535211	-1
AbiEii_0_CAS-III	NIPA01000018.1_243	228	284	0.019	13.1	265550	266233	NIPA01000018.1	243	0.2807017543859649	0.22535211267605634	-1
AbiEii_0_CAS-III	NIPA01000018.1_295	311	284	3.3e-10	38.6	313772	314704	NIPA01000018.1	295	0.3633440514469453	0.38380281690140844	1
AbiEii_0_CAS-III	NIPA01000018.1_325	582	284	5.5e-05	21.4	335926	337671	NIPA01000018.1	325	0.32646048109965636	0.5528169014084507	-1
AbiEii_0_CAS-III	NIPA01000018.1_77	641	284	7e-05	21.1	93791	95713	NIPA01000018.1	77	0.22308892355694226	0.4647887323943662	1
AbiEii_0_CAS-III	NIPA01000020.1_109	550	284	0.00092	17.4	129561	131210	NIPA01000020.1	109	0.11454545454545455	0.22183098591549297	1
AbiEii_0_CAS-III	NIPA01000020.1_18	283	284	0.0019	16.4	24197	25045	NIPA01000020.1	18	0.2332155477031802	0.22183098591549297	-1
AbiEii_0_CAS-III	NIPA01000020.1_39	279	284	0.019	13.1	46087	46923	NIPA01000020.1	39	0.3010752688172043	0.27816901408450706	-1
AbiEii_0_CAS-III	NIPA01000020.1_51	371	284	6.9e-05	21.1	60531	61643	NIPA01000020.1	51	0.3584905660377358	0.4612676056338028	1
AbiEii_0_CAS-III	NIPA01000020.1_60	367	284	9.6e-05	20.6	72017	73117	NIPA01000020.1	60	0.27520435967302453	0.3415492957746479	1
AbiEii_0_CAS-III	NIPA01000022.1_46	265	284	0.00045	18.4	35181	35975	NIPA01000022.1	46	0.4981132075471698	0.47183098591549294	1
AbiEii_0_CAS-III	NIPA01000025.1_41	442	284	0.00095	17.4	44053	45378	NIPA01000025.1	41	0.12895927601809956	0.20422535211267606	-1
AbiEii_0_CAS-III	NIPA01000027.1_78	641	284	0.02	13.0	71435	73357	NIPA01000027.1	78	0.1060842433697348	0.2323943661971831	1
AbiEii_0_CAS-III	NIPA01000035.1_13	248	284	3.1e-07	28.8	15084	15827	NIPA01000035.1	13	0.40725806451612906	0.34507042253521125	1
AbiEii_0_CAS-III	NIPA01000035.1_47	266	284	0.00019	19.6	51551	52348	NIPA01000035.1	47	0.2857142857142857	0.2640845070422535	1
AbiEii_0_CAS-III	NIPA01000036.1_14	330	284	2e-05	22.8	16002	16991	NIPA01000036.1	14	0.2909090909090909	0.34507042253521125	1
AbiEii_0_CAS-III	NIPA01000038.1_136	532	284	0.06	11.5	137447	139042	NIPA01000038.1	136	0.06203007518796992	0.11267605633802817	-1
AbiEii_0_CAS-III	NIPA01000038.1_149	238	284	0.00021	19.5	153989	154702	NIPA01000038.1	149	0.4831932773109244	0.3767605633802817	-1
AbiEii_0_CAS-III	NIPA01000038.1_150	555	284	8e-05	20.9	155182	156846	NIPA01000038.1	150	0.1981981981981982	0.33098591549295775	-1
AbiEii_0_CAS-III	NIPA01000039.1_112	856	284	0.069	11.3	114798	117365	NIPA01000039.1	112	0.07126168224299065	0.20774647887323944	1
AbiEii_0_CAS-III	NIPA01000039.1_164	308	284	8.6e-06	24.1	171341	172264	NIPA01000039.1	164	0.3051948051948052	0.31690140845070425	-1
AbiEii_0_CAS-III	NIPA01000039.1_28	361	284	0.057	11.5	20222	21304	NIPA01000039.1	28	0.32132963988919666	0.397887323943662	1
AbiEii_0_CAS-III	NIPA01000039.1_99	364	284	0.0013	17.0	101352	102443	NIPA01000039.1	99	0.23626373626373626	0.28169014084507044	1
AbiEii_0_CAS-III	NIPA01000040.1_123	589	284	0.028	12.5	128115	129881	NIPA01000040.1	123	0.09507640067911714	0.19014084507042253	-1
AbiEii_0_CAS-III	NIPA01000040.1_167	256	284	8.3e-07	27.4	176227	176994	NIPA01000040.1	167	0.3203125	0.2711267605633803	1
AbiEii_0_CAS-III	NIPA01000040.1_168	234	284	0.00015	20.0	176997	177698	NIPA01000040.1	168	0.4829059829059829	0.38380281690140844	1
AbiEii_0_CAS-III	NIPA01000042.1_17	917	284	0.00021	19.5	14265	17015	NIPA01000042.1	17	0.15485278080697928	0.2852112676056338	-1
AbiEii_0_CAS-III	NIPA01000042.1_38	639	284	2.9e-07	28.9	39787	41703	NIPA01000042.1	38	0.18935837245696402	0.33098591549295775	-1
AbiEii_0_CAS-III	NIPA01000043.1_48	332	284	0.008	14.3	49706	50701	NIPA01000043.1	48	0.2319277108433735	0.27816901408450706	-1
AbiEii_0_CAS-III	NIPA01000043.1_74	611	284	0.0013	16.9	74122	75954	NIPA01000043.1	74	0.13747954173486088	0.2992957746478873	-1
AbiEii_0_CAS-III	NIPA01000046.1_161	268	284	0.026	12.6	165654	166457	NIPA01000046.1	161	0.08208955223880597	0.07394366197183098	-1
AbiEii_0_CAS-III	NIPA01000046.1_63	597	284	0.021	12.9	65299	67089	NIPA01000046.1	63	0.1440536013400335	0.2887323943661972	1
AbiEii_0_CAS-III	NIPA01000046.1_81	305	284	0.0073	14.5	82156	83070	NIPA01000046.1	81	0.21311475409836064	0.22183098591549297	-1
AbiEii_0_CAS-III	NIPA01000046.1_91	285	284	0.0043	15.2	92283	93137	NIPA01000046.1	91	0.26666666666666666	0.2605633802816901	1
AbiEii_0_CAS-III	NIPA01000046.1_99	272	284	0.075	11.1	98873	99688	NIPA01000046.1	99	0.3125	0.28169014084507044	1
AbiEii_0_CAS-III	NIPA01000048.1_168	537	284	0.001	17.2	179726	181336	NIPA01000048.1	168	0.3054003724394786	0.31690140845070425	-1
AbiEii_0_CAS-III	NIPA01000059.1_154	1163	284	0.031	12.4	162332	165820	NIPA01000059.1	154	0.034393809114359415	0.15140845070422534	-1
AbiEii_0_CAS-III	NIPA01000063.1_23	724	284	0.0009	17.4	28698	30869	NIPA01000063.1	23	0.13397790055248618	0.33098591549295775	1
AbiEii_0_CAS-III	NIPA01000063.1_6	362	284	0.011	13.9	4946	6031	NIPA01000063.1	6	0.19613259668508287	0.25	-1
AbiEii_0_CAS-III	NIPA01000064.1_35	276	284	0.00097	17.3	38503	39330	NIPA01000064.1	35	0.3695652173913043	0.36619718309859156	1
AbiEii_0_CAS-III	NIPA01000064.1_5	264	284	0.0052	14.9	6034	6825	NIPA01000064.1	5	0.19318181818181818	0.176056338028169	-1
AbiEii_0_CAS-III	NIPA01000066.1_45	388	284	0.025	12.7	46136	47299	NIPA01000066.1	45	0.33505154639175255	0.4154929577464789	1
AbiEii_0_CAS-III	NIPA01000068.1_107	245	284	1e-07	30.4	118028	118762	NIPA01000068.1	107	0.4122448979591837	0.352112676056338	-1
AbiEii_0_CAS-III	NIPA01000068.1_12	594	284	0.0016	16.6	15280	17061	NIPA01000068.1	12	0.1632996632996633	0.3274647887323944	1
AbiEii_0_CAS-III	NIPA01000068.1_22	241	284	6.1e-05	21.3	29032	29754	NIPA01000068.1	22	0.5352697095435685	0.44366197183098594	-1
AbiEii_0_CAS-III	NIPA01000070.1_26	535	284	0.00049	18.3	20264	21868	NIPA01000070.1	26	0.16822429906542055	0.29225352112676056	1
AbiEii_0_CAS-III	NIPA01000073.1_116	350	284	0.0026	15.9	125723	126772	NIPA01000073.1	116	0.19714285714285715	0.22887323943661972	1
AbiEii_0_CAS-III	NIPA01000073.1_66	224	284	0.049	11.7	73311	73982	NIPA01000073.1	66	0.33035714285714285	0.2605633802816901	-1
AbiEii_0_CAS-III	NIPA01000079.1_28	387	284	0.00019	19.7	25114	26274	NIPA01000079.1	28	0.32299741602067183	0.44366197183098594	1
AbiEii_0_CAS-III	NIPA01000086.1_204	388	284	4.4e-08	31.6	213549	214712	NIPA01000086.1	204	0.26804123711340205	0.34507042253521125	1
AbiEii_0_CAS-III	NIPA01000086.1_276	598	284	0.0021	16.2	292702	294495	NIPA01000086.1	276	0.16387959866220736	0.3204225352112676	1
AbiEii_0_CAS-III	NIPA01000086.1_387	353	284	0.029	12.5	406781	407839	NIPA01000086.1	387	0.06515580736543909	0.08098591549295775	1
AbiEii_0_CAS-III	NIPA01000092.1_105	278	284	0.012	13.7	119555	120388	NIPA01000092.1	105	0.2841726618705036	0.2711267605633803	-1
AbiEii_0_CAS-III	NIPA01000092.1_4	858	284	0.011	13.8	2057	4630	NIPA01000092.1	4	0.054778554778554776	0.15140845070422534	1
AbiEii_0_CAS-III	NIPA01000099.1_140	258	284	0.00023	19.4	161767	162540	NIPA01000099.1	140	0.4418604651162791	0.3873239436619718	1
AbiEii_0_CAS-III	NIPA01000099.1_59	245	284	6.8e-06	24.4	72717	73451	NIPA01000099.1	59	0.40816326530612246	0.3415492957746479	-1
AbiEii_0_CAS-III	NIPA01000099.1_79	277	284	0.00091	17.4	96883	97713	NIPA01000099.1	79	0.5234657039711191	0.5035211267605634	-1
AbiEii_0_CAS-III	NIPA01000102.1_107	291	284	7.3e-08	30.9	129578	130450	NIPA01000102.1	107	0.23367697594501718	0.22535211267605634	1
AbiEii_0_CAS-III	NIPA01000102.1_108	239	284	0.0019	16.4	130447	131163	NIPA01000102.1	108	0.3054393305439331	0.2535211267605634	1
AbiEii_0_CAS-III	NIPA01000102.1_155	233	284	0.013	13.7	176922	177620	NIPA01000102.1	155	0.24892703862660945	0.2007042253521127	-1
AbiEii_0_CAS-III	NIPA01000102.1_156	286	284	0.00042	18.5	177757	178614	NIPA01000102.1	156	0.2937062937062937	0.27816901408450706	-1
AbiEii_0_CAS-III	NIPA01000102.1_316	256	284	0.046	11.8	351634	352401	NIPA01000102.1	316	0.0625	0.056338028169014086	1
AbiEii_0_CAS-III	NIPA01000105.1_27	716	284	0.0043	15.2	29176	31323	NIPA01000105.1	27	0.06424581005586592	0.0880281690140845	-1
AbiEii_0_CAS-III	NIPA01000108.1_111	193	284	0.011	13.9	105868	106446	NIPA01000108.1	111	0.39378238341968913	0.2676056338028169	-1
AbiEii_0_CAS-III	NIPA01000108.1_132	427	284	0.0056	14.8	127641	128921	NIPA01000108.1	132	0.07962529274004684	0.11267605633802817	1
AbiEii_0_CAS-III	NIPA01000108.1_137	537	284	1.9e-05	23.0	134872	136482	NIPA01000108.1	137	0.40409683426443205	0.4295774647887324	-1
AbiEii_0_CAS-III	NIPA01000109.1_48	252	284	0.001	17.3	61426	62181	NIPA01000109.1	48	0.10317460317460317	0.0880281690140845	-1
AbiEii_0_CAS-III	NIPA01000111.1_28	270	284	0.019	13.1	25980	26789	NIPA01000111.1	28	0.2037037037037037	0.18661971830985916	-1
AbiEii_0_CAS-III	NIPA01000111.1_33	242	284	0.00025	19.3	29817	30542	NIPA01000111.1	33	0.359504132231405	0.3204225352112676	1
AbiEii_0_CAS-III	NIPA01000111.1_78	325	284	0.0053	14.9	81954	82928	NIPA01000111.1	78	0.3507692307692308	0.3908450704225352	1
AbiEii_0_CAS-III	NIPA01000111.1_79	324	284	8.2e-05	20.8	82928	83899	NIPA01000111.1	79	0.43209876543209874	0.4753521126760563	1
AbiEii_0_CAS-III	NIPA01000114.1_1	361	284	0.0069	14.5	2	1084	NIPA01000114.1	1	0.19113573407202217	0.24647887323943662	1
AbiEii_0_CAS-III	NIPA01000117.1_59	571	284	5.5e-05	21.4	58278	59990	NIPA01000117.1	59	0.1243432574430823	0.2640845070422535	1
AbiEii_0_CAS-III	NIPA01000117.1_60	575	284	0.035	12.2	59987	61711	NIPA01000117.1	60	0.06782608695652174	0.13732394366197184	1
AbiEii_1_CAS-III-A	NIPA01000010.1_87	270	335	0.012	13.4	97634	98443	NIPA01000010.1	87	0.16666666666666666	0.13432835820895522	1
AbiEii_1_CAS-III-A	NIPA01000012.1_72	309	335	0.045	11.4	71396	72322	NIPA01000012.1	72	0.21359223300970873	0.208955223880597	-1
AbiEii_1_CAS-III-A	NIPA01000018.1_188	258	335	0.00086	17.1	206693	207466	NIPA01000018.1	188	0.26744186046511625	0.20597014925373133	-1
AbiEii_1_CAS-III-A	NIPA01000022.1_46	265	335	0.037	11.7	35181	35975	NIPA01000022.1	46	0.2830188679245283	0.2298507462686567	1
AbiEii_1_CAS-III-A	NIPA01000025.1_80	561	335	0.69	7.5	89310	90992	NIPA01000025.1	80	0.37254901960784315	0.2865671641791045	-1
AbiEii_1_CAS-III-A	NIPA01000040.1_167	256	335	4.4e-05	21.3	176227	176994	NIPA01000040.1	167	0.328125	0.25970149253731345	1
AbiEii_1_CAS-III-A	NIPA01000040.1_168	234	335	0.034	11.8	176997	177698	NIPA01000040.1	168	0.1282051282051282	0.08955223880597014	1
AbiEii_1_CAS-III-A	NIPA01000042.1_38	639	335	0.078	10.6	39787	41703	NIPA01000042.1	38	0.2112676056338028	0.32238805970149254	-1
AbiEii_1_CAS-III-A	NIPA01000043.1_48	332	335	0.0077	14.0	49706	50701	NIPA01000043.1	48	0.14457831325301204	0.1373134328358209	-1
AbiEii_1_CAS-III-A	NIPA01000063.1_6	362	335	0.0045	14.7	4946	6031	NIPA01000063.1	6	0.1132596685082873	0.12238805970149254	-1
AbiEii_1_CAS-III-A	NIPA01000068.1_107	245	335	0.024	12.3	118028	118762	NIPA01000068.1	107	0.3469387755102041	0.25671641791044775	-1
AbiEii_1_CAS-III-A	NIPA01000068.1_22	241	335	0.0068	14.1	29032	29754	NIPA01000068.1	22	0.2946058091286307	0.20597014925373133	-1
AbiEii_1_CAS-III-A	NIPA01000070.1_26	535	335	0.054	11.2	20264	21868	NIPA01000070.1	26	0.1308411214953271	0.21791044776119403	1
AbiEii_1_CAS-III-A	NIPA01000072.1_18	622	335	0.003	15.3	17727	19592	NIPA01000072.1	18	0.08842443729903537	0.15522388059701492	-1
AbiEii_1_CAS-III-A	NIPA01000079.1_28	387	335	0.012	13.3	25114	26274	NIPA01000079.1	28	0.08527131782945736	0.09850746268656717	1
AbiEii_1_CAS-III-A	NIPA01000092.1_105	278	335	2.3e-05	22.2	119555	120388	NIPA01000092.1	105	0.3129496402877698	0.2656716417910448	-1
AbiEii_1_CAS-III-A	NIPA01000099.1_59	245	335	0.041	11.6	72717	73451	NIPA01000099.1	59	0.2897959183673469	0.2208955223880597	-1
AbiEii_1_CAS-III-A	NIPA01000102.1_107	291	335	0.00027	18.8	129578	130450	NIPA01000102.1	107	0.10309278350515463	0.08955223880597014	1
AbiEii_1_CAS-III-A	NIPA01000102.1_108	239	335	0.046	11.4	130447	131163	NIPA01000102.1	108	0.3263598326359833	0.23582089552238805	1
AbiEii_1_CAS-III-A	NIPA01000117.1_59	571	335	0.00081	17.2	58278	59990	NIPA01000117.1	59	0.15061295971978983	0.2626865671641791	1
AbiEii_2_CAS-III-C	NIPA01000010.1_159	370	440	0.0054	14.6	172528	173637	NIPA01000010.1	159	0.07837837837837838	0.0659090909090909	1
AbiEii_2_CAS-III-C	NIPA01000070.1_26	535	440	8.1e-09	33.7	20264	21868	NIPA01000070.1	26	0.22429906542056074	0.275	1
AbiEii_2_CAS-III-C	NIPA01000086.1_204	388	440	0.0008	17.3	213549	214712	NIPA01000086.1	204	0.2706185567010309	0.24545454545454545	1
Can2_Card1_17_CAS-III	NIPA01000048.1_121	159	380	0.0013	16.0	120167	120643	NIPA01000048.1	121	0.779874213836478	0.33157894736842103	1
Can2_Card1_17_CAS-III	NIPA01000111.1_67	423	380	0.0024	15.2	66879	68147	NIPA01000111.1	67	0.19858156028368795	0.2236842105263158	-1
Cas10_0_CAS-III	NIPA01000073.1_103	346	511	1.6e-05	22.5	110817	111854	NIPA01000073.1	103	0.1907514450867052	0.13111545988258316	-1
Cas10_0_CAS-III	NIPA01000082.1_24	376	511	0.048	11.0	21289	22416	NIPA01000082.1	24	0.1622340425531915	0.12524461839530332	-1
Cas10_0_CAS-III	NIPA01000089.1_6	402	511	0.074	10.4	3210	4415	NIPA01000089.1	6	0.18407960199004975	0.13894324853228962	-1
Cas10_0_IIIA	NIPA01000018.1_303	194	650	0.0017	15.7	319996	320577	NIPA01000018.1	303	0.23195876288659795	0.06923076923076923	-1
Cas10_1_CAS-III	NIPA01000018.1_303	194	654	0.00016	19.0	319996	320577	NIPA01000018.1	303	0.211340206185567	0.06116207951070336	-1
Cas10_1_CAS-III-B	NIPA01000025.1_161	470	121	0.05	12.4	178729	180138	NIPA01000025.1	161	0.19361702127659575	0.71900826446281	1
Cas10_4_CAS-III	NIPA01000082.1_24	376	772	0.048	10.2	21289	22416	NIPA01000082.1	24	0.10904255319148937	0.05310880829015544	-1
Cas10d_5_CAS-I-D	NIPA01000014.1_37	257	616	0.034	11.0	37311	38081	NIPA01000014.1	37	0.25680933852140075	0.10714285714285714	1
Cas11_0_IV	NIPA01000050.1_4	1177	114	0.086	11.4	2392	5922	NIPA01000050.1	4	0.07476635514018691	0.5701754385964912	-1
Cas11d2_0_CAS-I-D	NIPA01000040.1_193	750	212	0.0027	16.5	201708	203957	NIPA01000040.1	193	0.05333333333333334	0.18396226415094338	-1
Cas12a_0_VA	NIPA01000010.1_142	287	1288	0.0029	13.9	154647	155507	NIPA01000010.1	142	0.3240418118466899	0.07065217391304347	-1
Cas12a_M11_0_V-A	NIPA01000092.1_108	324	1241	0.11	8.7	124556	125527	NIPA01000092.1	108	0.24382716049382716	0.062046736502820304	-1
Cas12a_M28_0_V-A	NIPA01000010.1_142	287	1273	0.035	10.4	154647	155507	NIPA01000010.1	142	0.2578397212543554	0.05341712490180676	-1
Cas12a_M29_0_V-A	NIPA01000092.1_9	709	1289	4.9	3.0	11740	13866	NIPA01000092.1	9	0.4203102961918195	0.13809154383242825	-1
Cas12c_1_CAS-V-C	NIPA01000040.1_208	492	1268	0.01	12.0	216136	217611	NIPA01000040.1	208	0.24796747967479674	0.09384858044164038	-1
Cas12c_1_CAS-V-C	NIPA01000061.1_18	539	1268	0.21	7.6	18488	20104	NIPA01000061.1	18	0.36178107606679033	0.17034700315457413	1
Cas12f2_0_CAS-V-F	NIPA01000108.1_153	279	517	0.095	9.8	155531	156367	NIPA01000108.1	153	0.1003584229390681	0.05415860735009671	1
Cas12f2_1_CAS-V-F	NIPA01000092.1_89	56	422	0.094	10.3	105175	105342	NIPA01000092.1	89	0.5892857142857143	0.05924170616113744	-1
Cas12f2_1_CAS-V-F	NIPA01000108.1_153	279	422	0.0012	16.6	155531	156367	NIPA01000108.1	153	0.11827956989247312	0.07819905213270142	1
Cas12f2_2_CAS-V-F	NIPA01000108.1_153	279	493	0.007	13.6	155531	156367	NIPA01000108.1	153	0.11469534050179211	0.06693711967545639	1
Cas12f4_0_CAS-V-F	NIPA01000010.1_145	157	577	0.24	8.3	157669	158139	NIPA01000010.1	145	0.4968152866242038	0.13344887348353554	-1
Cas1_0_CAS-I-II-III-IV-V-VI	NIPA01000104.1_41	447	317	0.071	10.7	39790	41130	NIPA01000104.1	41	0.0894854586129754	0.11987381703470032	-1
Cas1_0_CAS-I-II-III-IV-V-VI	NIPA01000109.1_31	325	317	2.3e-32	110.9	44830	45804	NIPA01000109.1	31	0.8461538461538461	0.8201892744479495	-1
Cas1_0_I-II-III	NIPA01000039.1_240	458	327	0.016	12.8	257489	258862	NIPA01000039.1	240	0.2314410480349345	0.24770642201834864	-1
Cas1_0_I-II-III	NIPA01000109.1_31	325	327	1.2e-62	210.5	44830	45804	NIPA01000109.1	31	0.8492307692307692	0.8134556574923547	-1
Cas1_0_I-II-III-V	NIPA01000109.1_31	325	315	1.8e-19	68.3	44830	45804	NIPA01000109.1	31	0.8584615384615385	0.8476190476190476	-1
Cas1_0_IE	NIPA01000109.1_31	325	269	1.3000000000000001e-30	105.0	44830	45804	NIPA01000109.1	31	0.7815384615384615	0.9070631970260223	-1
Cas1_0_IF	NIPA01000109.1_31	325	307	2.9e-154	511.5	44830	45804	NIPA01000109.1	31	0.9446153846153846	1.0	-1
Cas1_1_CAS-I-II-III-IV-V-VI	NIPA01000039.1_240	458	261	0.064	11.1	257489	258862	NIPA01000039.1	240	0.15065502183406113	0.26436781609195403	-1
Cas1_1_CAS-I-II-III-IV-V-VI	NIPA01000109.1_31	325	261	7.2e-59	197.7	44830	45804	NIPA01000109.1	31	0.84	0.9961685823754789	-1
Cas1_2_CAS-I-II-III-IV-V-VI	NIPA01000109.1_31	325	306	3.4e-153	507.9	44830	45804	NIPA01000109.1	31	0.9446153846153846	1.0	-1
Cas1_3_CAS-I-II-III-IV-V-VI	NIPA01000109.1_31	325	262	2.3000000000000002e-30	104.3	44830	45804	NIPA01000109.1	31	0.7815384615384615	0.9312977099236641	-1
Cas1_6_CAS-I-II-III-IV-V-VI	NIPA01000109.1_31	325	320	1.4e-06	26.4	44830	45804	NIPA01000109.1	31	0.6892307692307692	0.65	-1
Cas1_7_CAS-I-II-III-IV-V-VI	NIPA01000109.1_31	325	328	6.5e-65	217.9	44830	45804	NIPA01000109.1	31	0.9384615384615385	0.8871951219512195	-1
Cas1_8_CAS-I-II-III-IV-V-VI	NIPA01000109.1_31	325	283	4.0999999999999994e-24	83.8	44830	45804	NIPA01000109.1	31	0.8307692307692308	0.9045936395759717	-1
Cas2_7_CAS-I-II-III-IV-V-VI	NIPA01000038.1_6	570	94	0.024	13.7	8071	9780	NIPA01000038.1	6	0.156140350877193	0.5638297872340425	1
Cas2_7_CAS-I-II-III-IV-V-VI	NIPA01000042.1_25	420	94	0.049	12.7	26048	27307	NIPA01000042.1	25	0.09761904761904762	0.43617021276595747	-1
Cas3-Cas2_0_CAS-I-F	NIPA01000109.1_30	1077	1106	0.0	1263.6	41603	44833	NIPA01000109.1	30	0.9953574744661096	0.9990958408679927	-1
Cas3-Cas2_0_CAS-I-F	NIPA01000111.1_95	189	1106	0.096	8.9	102793	103359	NIPA01000111.1	95	0.3915343915343915	0.06329113924050633	-1
Cas3-Cas2_0_IF	NIPA01000109.1_30	1077	1110	0.0	1259.5	41603	44833	NIPA01000109.1	30	0.9953574744661096	0.9990990990990991	-1
Cas3HD_0_CAS-I	NIPA01000018.1_303	194	203	0.0098	14.3	319996	320577	NIPA01000018.1	303	0.30412371134020616	0.3694581280788177	-1
Cas3HD_0_CAS-I	NIPA01000038.1_94	640	203	7.6e-05	21.2	91628	93547	NIPA01000038.1	94	0.1875	0.4876847290640394	1
Cas3HD_0_CAS-I	NIPA01000039.1_150	901	203	0.028	12.8	156389	159091	NIPA01000039.1	150	0.10654827968923418	0.3793103448275862	1
Cas3HD_0_CAS-I	NIPA01000052.1_6	621	203	0.01	14.2	7261	9123	NIPA01000052.1	6	0.12399355877616747	0.2660098522167488	-1
Cas3HD_0_CAS-I	NIPA01000073.1_85	293	203	0.05	12.0	91779	92657	NIPA01000073.1	85	0.26621160409556316	0.4630541871921182	-1
Cas3HD_0_CAS-I	NIPA01000080.1_38	415	203	0.028	12.8	42867	44111	NIPA01000080.1	38	0.13493975903614458	0.30049261083743845	-1
Cas3HD_0_CAS-I	NIPA01000102.1_240	394	203	0.01	14.3	267310	268491	NIPA01000102.1	240	0.22588832487309646	0.4630541871921182	1
Cas3HD_0_CAS-I	NIPA01000109.1_30	1077	203	1.2e-12	46.6	41603	44833	NIPA01000109.1	30	0.14763231197771587	0.5615763546798029	-1
Cas3HD_0_CAS-I	NIPA01000111.1_95	189	203	0.019	13.4	102793	103359	NIPA01000111.1	95	0.20105820105820105	0.20689655172413793	-1
Cas3HD_1_CAS-I	NIPA01000109.1_30	1077	191	2.1e-05	23.0	41603	44833	NIPA01000109.1	30	0.04271123491179202	0.225130890052356	-1
Cas3HD_2_CAS-I	NIPA01000109.1_30	1077	231	2.7e-06	25.7	41603	44833	NIPA01000109.1	30	0.034354688950789226	0.13852813852813853	-1
Cas3_0_CAS-I	NIPA01000018.1_259	557	353	6.1e-09	34.0	279964	281634	NIPA01000018.1	259	0.4326750448833034	0.6883852691218131	1
Cas3_0_CAS-I	NIPA01000018.1_94	1151	353	5.8e-11	40.6	111207	114659	NIPA01000018.1	94	0.24413553431798435	0.8838526912181303	-1
Cas3_0_CAS-I	NIPA01000025.1_166	2122	353	0.079	10.6	187275	193640	NIPA01000025.1	166	0.07163053722902922	0.37677053824362605	-1
Cas3_0_CAS-I	NIPA01000027.1_215	459	353	1.8e-08	32.4	205663	207039	NIPA01000027.1	215	0.5315904139433552	0.6968838526912181	1
Cas3_0_CAS-I	NIPA01000043.1_24	1449	353	4.4e-09	34.5	18986	23332	NIPA01000043.1	24	0.22705314009661837	0.8781869688385269	1
Cas3_0_CAS-I	NIPA01000046.1_167	949	353	0.0018	16.0	173324	176170	NIPA01000046.1	167	0.2107481559536354	0.5637393767705382	-1
Cas3_0_CAS-I	NIPA01000046.1_2	447	353	1.1e-12	46.3	1716	3056	NIPA01000046.1	2	0.5548098434004475	0.6912181303116147	1
Cas3_0_CAS-I	NIPA01000064.1_18	450	353	1.8e-05	22.6	21693	23042	NIPA01000064.1	18	0.5466666666666666	0.6855524079320113	-1
Cas3_0_CAS-I	NIPA01000064.1_49	838	353	0.0019	16.0	53372	55885	NIPA01000064.1	49	0.26730310262529833	0.6288951841359773	-1
Cas3_0_CAS-I	NIPA01000073.1_11	640	353	6.8e-05	20.7	13067	14986	NIPA01000073.1	11	0.3234375	0.5920679886685553	1
Cas3_0_CAS-I	NIPA01000092.1_14	789	353	4.8e-05	21.2	19483	21849	NIPA01000092.1	14	0.21419518377693283	0.47592067988668557	-1
Cas3_0_CAS-I	NIPA01000092.1_84	692	353	5.3e-11	40.8	99321	101396	NIPA01000092.1	84	0.29335260115606937	0.5637393767705382	1
Cas3_0_CAS-I	NIPA01000104.1_40	341	353	0.059	11.0	38599	39621	NIPA01000104.1	40	0.17888563049853373	0.17280453257790368	-1
Cas3_0_CAS-I	NIPA01000109.1_30	1077	353	1.3e-13	49.4	41603	44833	NIPA01000109.1	30	0.1829155060352832	0.49008498583569404	-1
Cas3_0_CAS-I-D	NIPA01000025.1_166	2122	626	5.7e-07	26.7	187275	193640	NIPA01000025.1	166	0.07257304429783223	0.22044728434504793	-1
Cas3_0_CAS-I-D	NIPA01000027.1_215	459	626	0.0001	19.2	205663	207039	NIPA01000027.1	215	0.37254901960784315	0.26357827476038337	1
Cas3_0_CAS-I-D	NIPA01000043.1_24	1449	626	8.2e-05	19.5	18986	23332	NIPA01000043.1	24	0.05866114561766736	0.13258785942492013	1
Cas3_0_CAS-I-D	NIPA01000046.1_131	713	626	0.07	9.8	126106	128244	NIPA01000046.1	131	0.08415147265077139	0.09744408945686901	1
Cas3_0_CAS-I-D	NIPA01000046.1_2	447	626	6.6e-06	23.1	1716	3056	NIPA01000046.1	2	0.3713646532438479	0.2380191693290735	1
Cas3_0_CAS-I-U	NIPA01000043.1_24	1449	843	0.042	10.2	18986	23332	NIPA01000043.1	24	0.026915113871635612	0.046263345195729534	1
Cas3_0_CAS-I-U	NIPA01000046.1_167	949	843	0.0026	14.2	173324	176170	NIPA01000046.1	167	0.06322444678609063	0.06761565836298933	-1
Cas3_0_CAS-I-U	NIPA01000109.1_30	1077	843	0.0002	17.9	41603	44833	NIPA01000109.1	30	0.14298978644382543	0.16725978647686832	-1
Cas3_0_I	NIPA01000018.1_259	557	358	1.8e-07	29.2	279964	281634	NIPA01000018.1	259	0.41831238779174146	0.6620111731843575	1
Cas3_0_I	NIPA01000018.1_94	1151	358	2.6e-09	35.2	111207	114659	NIPA01000018.1	94	0.24239791485664638	0.8044692737430168	-1
Cas3_0_I	NIPA01000027.1_215	459	358	3.8e-07	28.1	205663	207039	NIPA01000027.1	215	0.5228758169934641	0.6843575418994413	1
Cas3_0_I	NIPA01000043.1_24	1449	358	2.8e-10	38.4	18986	23332	NIPA01000043.1	24	0.22705314009661837	0.8770949720670391	1
Cas3_0_I	NIPA01000046.1_167	949	358	0.0028	15.3	173324	176170	NIPA01000046.1	167	0.10010537407797682	0.26256983240223464	-1
Cas3_0_I	NIPA01000046.1_2	447	358	7.1e-13	46.9	1716	3056	NIPA01000046.1	2	0.5413870246085011	0.6731843575418994	1
Cas3_0_I	NIPA01000064.1_18	450	358	0.00017	19.4	21693	23042	NIPA01000064.1	18	0.5355555555555556	0.6703910614525139	-1
Cas3_0_I	NIPA01000064.1_49	838	358	0.0021	15.8	53372	55885	NIPA01000064.1	49	0.13842482100238662	0.31564245810055863	-1
Cas3_0_I	NIPA01000066.1_13	524	358	0.033	11.8	10314	11885	NIPA01000066.1	13	0.38740458015267176	0.5754189944134078	1
Cas3_0_I	NIPA01000073.1_11	640	358	0.00013	19.7	13067	14986	NIPA01000073.1	11	0.275	0.5139664804469274	1
Cas3_0_I	NIPA01000092.1_14	789	358	3.2e-05	21.7	19483	21849	NIPA01000092.1	14	0.2509505703422053	0.5502793296089385	-1
Cas3_0_I	NIPA01000092.1_84	692	358	1.8e-10	39.0	99321	101396	NIPA01000092.1	84	0.26734104046242774	0.5083798882681564	1
Cas3_0_I	NIPA01000109.1_30	1077	358	5.3e-14	50.6	41603	44833	NIPA01000109.1	30	0.14763231197771587	0.4441340782122905	-1
Cas3_0_ID	NIPA01000025.1_166	2122	357	1.3e-08	32.9	187275	193640	NIPA01000025.1	166	0.10414703110273327	0.5938375350140056	-1
Cas3_0_ID	NIPA01000043.1_24	1449	357	9.5e-08	30.1	18986	23332	NIPA01000043.1	24	0.16701173222912352	0.6582633053221288	1
Cas3_0_ID	NIPA01000046.1_131	713	357	0.038	11.6	126106	128244	NIPA01000046.1	131	0.17391304347826086	0.34173669467787116	1
Cas3_0_ID	NIPA01000046.1_2	447	357	0.0088	13.7	1716	3056	NIPA01000046.1	2	0.2371364653243848	0.25770308123249297	1
Cas3_0_ID	NIPA01000064.1_18	450	357	0.0034	15.0	21693	23042	NIPA01000064.1	18	0.42444444444444446	0.46218487394957986	-1
Cas3_0_ID	NIPA01000099.1_200	595	357	0.018	12.7	227860	229644	NIPA01000099.1	200	0.06554621848739496	0.1092436974789916	1
Cas3_0_ID	NIPA01000102.1_121	179	357	0.015	12.9	147952	148488	NIPA01000102.1	121	0.46368715083798884	0.23249299719887956	1
Cas3_0_IU	NIPA01000043.1_24	1449	864	0.00043	16.9	18986	23332	NIPA01000043.1	24	0.03795721187025535	0.0625	1
Cas3_0_IU	NIPA01000046.1_167	949	864	5.6e-05	19.8	173324	176170	NIPA01000046.1	167	0.07270811380400422	0.0763888888888889	-1
Cas3_0_IU	NIPA01000109.1_30	1077	864	0.00015	18.4	41603	44833	NIPA01000109.1	30	0.13649025069637882	0.15393518518518517	-1
Cas3_1_CAS-I	NIPA01000043.1_24	1449	745	9.4e-05	19.5	18986	23332	NIPA01000043.1	24	0.22498274672187715	0.425503355704698	1
Cas3_1_CAS-I	NIPA01000046.1_2	447	745	7.3e-08	29.7	1716	3056	NIPA01000046.1	2	0.5615212527964206	0.35838926174496644	1
Cas3_1_CAS-I	NIPA01000092.1_84	692	745	3.2e-07	27.6	99321	101396	NIPA01000092.1	84	0.12861271676300579	0.11543624161073826	1
Cas3_1_CAS-I	NIPA01000109.1_30	1077	745	4.1e-97	324.8	41603	44833	NIPA01000109.1	30	0.7483751160631383	0.9114093959731544	-1
Cas3_1_CAS-I-D	NIPA01000018.1_259	557	353	0.037	11.6	279964	281634	NIPA01000018.1	259	0.10233393177737882	0.14447592067988668	1
Cas3_1_CAS-I-D	NIPA01000025.1_166	2122	353	1.5e-09	36.0	187275	193640	NIPA01000025.1	166	0.10367577756833177	0.5864022662889519	-1
Cas3_1_CAS-I-D	NIPA01000027.1_215	459	353	0.03	11.9	205663	207039	NIPA01000027.1	215	0.12636165577342048	0.14730878186968838	1
Cas3_1_CAS-I-D	NIPA01000043.1_24	1449	353	8.1e-08	30.2	18986	23332	NIPA01000043.1	24	0.16356107660455488	0.6402266288951841	1
Cas3_1_CAS-I-D	NIPA01000046.1_131	713	353	0.0084	13.8	126106	128244	NIPA01000046.1	131	0.17812061711079943	0.35410764872521244	1
Cas3_1_CAS-I-D	NIPA01000046.1_2	447	353	0.0086	13.7	1716	3056	NIPA01000046.1	2	0.22818791946308725	0.24929178470254956	1
Cas3_1_CAS-I-D	NIPA01000064.1_18	450	353	0.0026	15.5	21693	23042	NIPA01000064.1	18	0.47555555555555556	0.5325779036827195	-1
Cas3_1_CAS-I-D	NIPA01000099.1_200	595	353	0.0073	13.9	227860	229644	NIPA01000099.1	200	0.10756302521008404	0.19263456090651557	1
Cas3_1_I	NIPA01000027.1_82	411	178	0.037	12.6	76924	78156	NIPA01000027.1	82	0.0340632603406326	0.07865168539325842	1
Cas3_1_I	NIPA01000038.1_94	640	178	1.4e-05	23.8	91628	93547	NIPA01000038.1	94	0.1953125	0.5617977528089888	1
Cas3_1_I	NIPA01000052.1_6	621	178	0.0053	15.4	7261	9123	NIPA01000052.1	6	0.0853462157809984	0.25280898876404495	-1
Cas3_1_I	NIPA01000080.1_38	415	178	0.038	12.6	42867	44111	NIPA01000080.1	38	0.12771084337349398	0.3202247191011236	-1
Cas3_1_I	NIPA01000086.1_140	615	178	0.0097	14.5	147217	149061	NIPA01000086.1	140	0.08455284552845528	0.24719101123595505	1
Cas3_1_I	NIPA01000102.1_240	394	178	0.0027	16.3	267310	268491	NIPA01000102.1	240	0.2766497461928934	0.601123595505618	1
Cas3_1_I	NIPA01000109.1_30	1077	178	5.5e-12	44.6	41603	44833	NIPA01000109.1	30	0.1392757660167131	0.5730337078651685	-1
Cas3_1_I	NIPA01000111.1_95	189	178	0.01	14.4	102793	103359	NIPA01000111.1	95	0.17989417989417988	0.20224719101123595	-1
Cas3_2_CAS-I	NIPA01000018.1_259	557	967	3.9e-07	27.1	279964	281634	NIPA01000018.1	259	0.36983842010771995	0.2140641158221303	1
Cas3_2_CAS-I	NIPA01000025.1_166	2122	967	3.4e-06	24.0	187275	193640	NIPA01000025.1	166	0.07257304429783223	0.14270941054808686	-1
Cas3_2_CAS-I	NIPA01000027.1_215	459	967	4.6e-06	23.5	205663	207039	NIPA01000027.1	215	0.4335511982570806	0.20372285418821096	1
Cas3_2_CAS-I	NIPA01000046.1_2	447	967	1.4e-06	25.2	1716	3056	NIPA01000046.1	2	0.6040268456375839	0.2781799379524302	1
Cas3_2_CAS-I	NIPA01000064.1_18	450	967	0.00084	16.1	21693	23042	NIPA01000064.1	18	0.34	0.1499482936918304	-1
Cas3_2_CAS-I	NIPA01000092.1_84	692	967	0.00035	17.3	99321	101396	NIPA01000092.1	84	0.21098265895953758	0.14788004136504654	1
Cas3d_0_CAS-I-D	NIPA01000027.1_215	459	639	0.049	10.6	205663	207039	NIPA01000027.1	215	0.20915032679738563	0.14710485133020346	1
Cas3d_0_CAS-I-D	NIPA01000043.1_24	1449	639	0.048	10.6	18986	23332	NIPA01000043.1	24	0.06418219461697723	0.14084507042253522	1
Cas3d_1_CAS-I-D	NIPA01000025.1_166	2122	627	0.0021	14.9	187275	193640	NIPA01000025.1	166	0.05466540999057493	0.16427432216905902	-1
Cas3d_1_CAS-I-D	NIPA01000043.1_24	1449	627	0.026	11.3	18986	23332	NIPA01000043.1	24	0.04830917874396135	0.10685805422647528	1
Cas3d_1_CAS-I-D	NIPA01000046.1_112	197	627	0.0077	13.1	108684	109274	NIPA01000046.1	112	0.5989847715736041	0.17703349282296652	1
Cas3d_1_CAS-I-D	NIPA01000046.1_131	713	627	1.3e-05	22.3	126106	128244	NIPA01000046.1	131	0.2300140252454418	0.26156299840510366	1
Cas3d_1_CAS-I-D	NIPA01000046.1_2	447	627	0.014	12.3	1716	3056	NIPA01000046.1	2	0.348993288590604	0.23604465709728867	1
Cas4_0_IA	NIPA01000003.1_3	531	273	0.017	13.4	1006	2598	NIPA01000003.1	3	0.03766478342749529	0.07326007326007326	-1
Cas4_1_CAS-I-II-III-IV-V-VI	NIPA01000003.1_3	531	270	0.014	13.5	1006	2598	NIPA01000003.1	3	0.03954802259887006	0.07777777777777778	-1
Cas4_4_CAS-I-II-III-IV-V-VI	NIPA01000003.1_3	531	284	0.003	15.6	1006	2598	NIPA01000003.1	3	0.04331450094161959	0.08098591549295775	-1
Cas4_6_CAS-I-II-III-IV-V-VI	NIPA01000003.1_3	531	292	0.0023	16.0	1006	2598	NIPA01000003.1	3	0.04331450094161959	0.07876712328767123	-1
Cas5_0_CAS-I-A	NIPA01000022.1_21	221	179	0.049	12.1	10820	11482	NIPA01000022.1	21	0.3257918552036199	0.40782122905027934	1
Cas5_0_CAS-I-E	NIPA01000070.1_9	79	182	0.067	11.6	5968	6204	NIPA01000070.1	9	0.569620253164557	0.24725274725274726	-1
Cas5_0_CAS-I-F	NIPA01000002.1_123	112	336	0.054	11.3	127970	128305	NIPA01000002.1	123	0.4642857142857143	0.15476190476190477	-1
Cas5f_0_CAS-I-F	NIPA01000109.1_28	328	261	8.9e-13	46.6	39271	40254	NIPA01000109.1	28	0.4878048780487805	0.5900383141762452	-1
Cas5f_1_CAS-I-F	NIPA01000109.1_28	328	293	2.3e-91	304.7	39271	40254	NIPA01000109.1	28	0.9359756097560976	0.9931740614334471	-1
Cas5f_2_CAS-I-F	NIPA01000109.1_28	328	291	1.9e-106	354.3	39271	40254	NIPA01000109.1	28	0.9359756097560976	0.9965635738831615	-1
Cas5f_3_CAS-I-F	NIPA01000109.1_28	328	293	3.3e-101	337.0	39271	40254	NIPA01000109.1	28	0.9329268292682927	0.9965870307167235	-1
Cas6_0_IF	NIPA01000109.1_26	188	184	2.3e-50	169.6	37665	38228	NIPA01000109.1	26	0.9840425531914894	1.0	-1
Cas6_3_IVA	NIPA01000109.1_26	188	192	1.4e-13	49.7	37665	38228	NIPA01000109.1	26	0.9521276595744681	0.9322916666666666	-1
Cas6_7_CAS-I-II-III-IV-V-VI	NIPA01000039.1_236	117	241	0.036	12.6	255328	255678	NIPA01000039.1	236	0.4358974358974359	0.22821576763485477	-1
Cas6f_0_CAS-I-II-III-IV-V-VI	NIPA01000109.1_26	188	186	9.499999999999999e-53	177.4	37665	38228	NIPA01000109.1	26	0.9946808510638298	1.0	-1
Cas6f_1_CAS-I-II-III-IV-V-VI	NIPA01000109.1_26	188	185	7.099999999999999e-62	207.4	37665	38228	NIPA01000109.1	26	0.9946808510638298	1.0	-1
Cas6f_2_CAS-I-II-III-IV-V-VI	NIPA01000109.1_26	188	185	3.9999999999999997e-63	211.5	37665	38228	NIPA01000109.1	26	0.9787234042553191	1.0	-1
Cas7f_0_CAS-I-F	NIPA01000109.1_27	343	340	1.3999999999999998e-135	450.7	38232	39260	NIPA01000109.1	27	0.9708454810495627	0.9970588235294118	-1
Cas7f_1_CAS-I-F	NIPA01000109.1_27	343	331	6.2e-140	464.9	38232	39260	NIPA01000109.1	27	0.9650145772594753	1.0	-1
Cas7f_2_CAS-I-F	NIPA01000109.1_27	343	326	1.1000000000000001e-149	496.8	38232	39260	NIPA01000109.1	27	0.9620991253644315	1.0	-1
Cas8a2_3_CAS-I-A	NIPA01000011.1_12	429	347	0.074	10.9	17138	18424	NIPA01000011.1	12	0.1258741258741259	0.14697406340057637	1
Cas8f_2_CAS-I-F	NIPA01000109.1_29	435	384	1.9999999999999999e-115	384.3	40241	41545	NIPA01000109.1	29	0.8666666666666667	0.9895833333333334	-1
Cas8f_3_CAS-I-F	NIPA01000109.1_29	435	376	8.699999999999999e-147	487.8	40241	41545	NIPA01000109.1	29	0.8505747126436781	0.9973404255319149	-1
Cas8f_7_CAS-I-F	NIPA01000109.1_29	435	376	6.7e-132	438.6	40241	41545	NIPA01000109.1	29	0.8459770114942529	0.9946808510638298	-1
Cas8u1_0_CAS-I-U	NIPA01000108.1_81	116	702	0.035	11.1	68095	68442	NIPA01000108.1	81	0.4051724137931034	0.06552706552706553	-1
Cas8u1_1_CAS-I-U	NIPA01000048.1_175	296	312	0.028	12.3	190898	191785	NIPA01000048.1	175	0.2939189189189189	0.23076923076923078	-1
Cas8u2_0_CAS-I-U	NIPA01000040.1_73	384	272	0.013	13.2	75208	76359	NIPA01000040.1	73	0.1875	0.26838235294117646	1
CasR_0_CAS-I-II-III-IV-V-VI	NIPA01000002.1_102	259	198	4.1e-06	25.1	103963	104739	NIPA01000002.1	102	0.18532818532818532	0.24242424242424243	-1
CasR_0_CAS-I-II-III-IV-V-VI	NIPA01000002.1_78	324	198	5.2e-05	21.5	82256	83227	NIPA01000002.1	78	0.16049382716049382	0.26262626262626265	1
CasR_0_CAS-I-II-III-IV-V-VI	NIPA01000002.1_8	211	198	0.0022	16.2	5334	5966	NIPA01000002.1	8	0.2559241706161137	0.2828282828282828	1
CasR_0_CAS-I-II-III-IV-V-VI	NIPA01000010.1_137	258	198	4.2e-05	21.8	149924	150697	NIPA01000010.1	137	0.1744186046511628	0.22727272727272727	-1
CasR_0_CAS-I-II-III-IV-V-VI	NIPA01000010.1_93	286	198	0.0048	15.1	103007	103864	NIPA01000010.1	93	0.18181818181818182	0.24242424242424243	1
CasR_0_CAS-I-II-III-IV-V-VI	NIPA01000014.1_11	158	198	7e-05	21.1	7916	8389	NIPA01000014.1	11	0.6012658227848101	0.3282828282828283	-1
CasR_0_CAS-I-II-III-IV-V-VI	NIPA01000016.1_5	226	198	7.3e-06	24.3	3563	4240	NIPA01000016.1	5	0.24336283185840707	0.2878787878787879	-1
CasR_0_CAS-I-II-III-IV-V-VI	NIPA01000020.1_99	160	198	0.058	11.5	116518	116997	NIPA01000020.1	99	0.175	0.15656565656565657	-1
CasR_0_CAS-I-II-III-IV-V-VI	NIPA01000027.1_17	215	198	0.002	16.3	15173	15817	NIPA01000027.1	17	0.14883720930232558	0.16666666666666666	1
CasR_0_CAS-I-II-III-IV-V-VI	NIPA01000027.1_65	211	198	2.5e-05	22.5	56701	57333	NIPA01000027.1	65	0.3981042654028436	0.4444444444444444	-1
CasR_0_CAS-I-II-III-IV-V-VI	NIPA01000027.1_92	374	198	0.015	13.4	90204	91325	NIPA01000027.1	92	0.17379679144385027	0.29797979797979796	1
CasR_0_CAS-I-II-III-IV-V-VI	NIPA01000035.1_36	143	198	0.0042	15.3	39102	39530	NIPA01000035.1	36	0.35664335664335667	0.2474747474747475	1
CasR_0_CAS-I-II-III-IV-V-VI	NIPA01000039.1_251	248	198	0.031	12.5	267728	268471	NIPA01000039.1	251	0.14919354838709678	0.18686868686868688	1
CasR_0_CAS-I-II-III-IV-V-VI	NIPA01000039.1_273	312	198	0.044	11.9	296917	297852	NIPA01000039.1	273	0.16346153846153846	0.2676767676767677	1
CasR_0_CAS-I-II-III-IV-V-VI	NIPA01000039.1_75	252	198	0.0017	16.6	75681	76436	NIPA01000039.1	75	0.18253968253968253	0.23232323232323232	1
CasR_0_CAS-I-II-III-IV-V-VI	NIPA01000040.1_228	267	198	0.0019	16.4	236528	237328	NIPA01000040.1	228	0.18352059925093633	0.24242424242424243	1
CasR_0_CAS-I-II-III-IV-V-VI	NIPA01000040.1_94	239	198	0.038	12.1	101637	102353	NIPA01000040.1	94	0.17154811715481172	0.20707070707070707	1
CasR_0_CAS-I-II-III-IV-V-VI	NIPA01000046.1_10	158	198	0.0018	16.4	14986	15459	NIPA01000046.1	10	0.36075949367088606	0.2828282828282828	1
CasR_0_CAS-I-II-III-IV-V-VI	NIPA01000046.1_134	145	198	0.0006	18.0	130787	131221	NIPA01000046.1	134	0.41379310344827586	0.29797979797979796	1
CasR_0_CAS-I-II-III-IV-V-VI	NIPA01000048.1_148	159	198	7.5e-05	21.0	149637	150113	NIPA01000048.1	148	0.3710691823899371	0.29292929292929293	-1
CasR_0_CAS-I-II-III-IV-V-VI	NIPA01000064.1_53	170	198	6.5e-07	27.7	58552	59061	NIPA01000064.1	53	0.3411764705882353	0.29292929292929293	1
CasR_0_CAS-I-II-III-IV-V-VI	NIPA01000067.1_4	169	198	0.022	12.9	3755	4261	NIPA01000067.1	4	0.33727810650887574	0.2727272727272727	-1
CasR_0_CAS-I-II-III-IV-V-VI	NIPA01000068.1_52	138	198	0.0022	16.2	61301	61714	NIPA01000068.1	52	0.45652173913043476	0.30303030303030304	1
CasR_0_CAS-I-II-III-IV-V-VI	NIPA01000070.1_78	154	198	7.6e-06	24.2	66988	67449	NIPA01000070.1	78	0.3246753246753247	0.25252525252525254	-1
CasR_0_CAS-I-II-III-IV-V-VI	NIPA01000073.1_15	148	198	0.02	13.0	21123	21566	NIPA01000073.1	15	0.3581081081081081	0.2676767676767677	1
CasR_0_CAS-I-II-III-IV-V-VI	NIPA01000092.1_47	163	198	0.0024	16.1	63469	63957	NIPA01000092.1	47	0.3374233128834356	0.2777777777777778	1
CasR_0_CAS-I-II-III-IV-V-VI	NIPA01000093.1_23	278	198	0.014	13.6	22495	23328	NIPA01000093.1	23	0.1079136690647482	0.15151515151515152	-1
CasR_0_CAS-I-II-III-IV-V-VI	NIPA01000102.1_237	156	198	0.065	11.4	265411	265878	NIPA01000102.1	237	0.3782051282051282	0.29797979797979796	-1
CasR_0_CAS-I-II-III-IV-V-VI	NIPA01000104.1_2	644	198	0.05	11.8	467	2398	NIPA01000104.1	2	0.05124223602484472	0.1717171717171717	1
CasR_0_CAS-I-II-III-IV-V-VI	NIPA01000108.1_86	908	198	0.08	11.1	74339	77062	NIPA01000108.1	86	0.0473568281938326	0.22727272727272727	1
CasR_0_CAS-I-II-III-IV-V-VI	NIPA01000111.1_81	158	198	0.002	16.3	84706	85179	NIPA01000111.1	81	0.5569620253164557	0.3939393939393939	1
CasR_0_CAS-III-B	NIPA01000108.1_133	799	480	0.0064	13.8	129053	131449	NIPA01000108.1	133	0.07884856070087609	0.12291666666666666	1
CasR_1_CAS-I-II-III-IV-V-VI	NIPA01000002.1_102	259	218	1.1e-07	29.8	103963	104739	NIPA01000002.1	102	0.18146718146718147	0.21559633027522937	-1
CasR_1_CAS-I-II-III-IV-V-VI	NIPA01000002.1_78	324	218	9.7e-06	23.5	82256	83227	NIPA01000002.1	78	0.16049382716049382	0.23853211009174313	1
CasR_1_CAS-I-II-III-IV-V-VI	NIPA01000002.1_8	211	218	0.00079	17.2	5334	5966	NIPA01000002.1	8	0.24644549763033174	0.24770642201834864	1
CasR_1_CAS-I-II-III-IV-V-VI	NIPA01000005.1_19	307	218	0.077	10.7	17506	18426	NIPA01000005.1	19	0.13680781758957655	0.1926605504587156	1
CasR_1_CAS-I-II-III-IV-V-VI	NIPA01000010.1_137	258	218	9.8e-06	23.4	149924	150697	NIPA01000010.1	137	0.1744186046511628	0.20642201834862386	-1
CasR_1_CAS-I-II-III-IV-V-VI	NIPA01000010.1_191	208	218	0.0013	16.5	205625	206248	NIPA01000010.1	191	0.1778846153846154	0.17889908256880735	-1
CasR_1_CAS-I-II-III-IV-V-VI	NIPA01000010.1_93	286	218	0.045	11.5	103007	103864	NIPA01000010.1	93	0.16433566433566432	0.19724770642201836	1
CasR_1_CAS-I-II-III-IV-V-VI	NIPA01000013.1_78	243	218	0.014	13.1	88967	89695	NIPA01000013.1	78	0.23045267489711935	0.25229357798165136	1
CasR_1_CAS-I-II-III-IV-V-VI	NIPA01000014.1_11	158	218	0.00018	19.3	7916	8389	NIPA01000014.1	11	0.310126582278481	0.22477064220183487	-1
CasR_1_CAS-I-II-III-IV-V-VI	NIPA01000016.1_5	226	218	4.6e-07	27.8	3563	4240	NIPA01000016.1	5	0.2168141592920354	0.23394495412844038	-1
CasR_1_CAS-I-II-III-IV-V-VI	NIPA01000016.1_8	222	218	0.0032	15.2	5568	6233	NIPA01000016.1	8	0.19369369369369369	0.20642201834862386	1
CasR_1_CAS-I-II-III-IV-V-VI	NIPA01000018.1_201	213	218	0.028	12.1	221119	221757	NIPA01000018.1	201	0.17370892018779344	0.17889908256880735	1
CasR_1_CAS-I-II-III-IV-V-VI	NIPA01000018.1_203	480	218	0.082	10.6	222433	223872	NIPA01000018.1	203	0.0625	0.13761467889908258	1
CasR_1_CAS-I-II-III-IV-V-VI	NIPA01000018.1_221	297	218	0.033	11.9	242749	243639	NIPA01000018.1	221	0.14814814814814814	0.2018348623853211	1
CasR_1_CAS-I-II-III-IV-V-VI	NIPA01000020.1_9	250	218	0.031	12.0	7005	7754	NIPA01000020.1	9	0.192	0.22018348623853212	-1
CasR_1_CAS-I-II-III-IV-V-VI	NIPA01000020.1_99	160	218	0.01	13.6	116518	116997	NIPA01000020.1	99	0.175	0.12844036697247707	-1
CasR_1_CAS-I-II-III-IV-V-VI	NIPA01000027.1_17	215	218	0.00091	17.0	15173	15817	NIPA01000027.1	17	0.22790697674418606	0.22935779816513763	1
CasR_1_CAS-I-II-III-IV-V-VI	NIPA01000027.1_65	211	218	2.8e-06	25.2	56701	57333	NIPA01000027.1	65	0.24644549763033174	0.24770642201834864	-1
CasR_1_CAS-I-II-III-IV-V-VI	NIPA01000027.1_92	374	218	0.007	14.1	90204	91325	NIPA01000027.1	92	0.17379679144385027	0.2706422018348624	1
CasR_1_CAS-I-II-III-IV-V-VI	NIPA01000032.1_2	250	218	0.033	11.9	1214	1963	NIPA01000032.1	2	0.152	0.1743119266055046	-1
CasR_1_CAS-I-II-III-IV-V-VI	NIPA01000035.1_36	143	218	0.075	10.7	39102	39530	NIPA01000035.1	36	0.26573426573426573	0.1834862385321101	1
CasR_1_CAS-I-II-III-IV-V-VI	NIPA01000039.1_273	312	218	0.00036	18.3	296917	297852	NIPA01000039.1	273	0.21474358974358973	0.3165137614678899	1
CasR_1_CAS-I-II-III-IV-V-VI	NIPA01000039.1_75	252	218	0.00051	17.8	75681	76436	NIPA01000039.1	75	0.1746031746031746	0.2018348623853211	1
CasR_1_CAS-I-II-III-IV-V-VI	NIPA01000040.1_228	267	218	0.013	13.3	236528	237328	NIPA01000040.1	228	0.1760299625468165	0.21100917431192662	1
CasR_1_CAS-I-II-III-IV-V-VI	NIPA01000040.1_94	239	218	0.0097	13.7	101637	102353	NIPA01000040.1	94	0.17154811715481172	0.18807339449541285	1
CasR_1_CAS-I-II-III-IV-V-VI	NIPA01000043.1_53	239	218	0.012	13.3	54610	55326	NIPA01000043.1	53	0.14644351464435146	0.16055045871559634	1
CasR_1_CAS-I-II-III-IV-V-VI	NIPA01000046.1_10	158	218	0.0016	16.2	14986	15459	NIPA01000046.1	10	0.310126582278481	0.22477064220183487	1
CasR_1_CAS-I-II-III-IV-V-VI	NIPA01000046.1_134	145	218	0.0016	16.2	130787	131221	NIPA01000046.1	134	0.36551724137931035	0.23853211009174313	1
CasR_1_CAS-I-II-III-IV-V-VI	NIPA01000046.1_35	298	218	0.056	11.2	37301	38194	NIPA01000046.1	35	0.13758389261744966	0.18807339449541285	-1
CasR_1_CAS-I-II-III-IV-V-VI	NIPA01000048.1_130	478	218	0.035	11.8	128463	129896	NIPA01000048.1	130	0.06276150627615062	0.13761467889908258	1
CasR_1_CAS-I-II-III-IV-V-VI	NIPA01000048.1_148	159	218	6.8e-05	20.7	149637	150113	NIPA01000048.1	148	0.4339622641509434	0.3165137614678899	-1
CasR_1_CAS-I-II-III-IV-V-VI	NIPA01000048.1_175	296	218	0.0012	16.6	190898	191785	NIPA01000048.1	175	0.24662162162162163	0.3348623853211009	-1
CasR_1_CAS-I-II-III-IV-V-VI	NIPA01000050.1_50	303	218	0.029	12.1	53218	54126	NIPA01000050.1	50	0.24422442244224424	0.3486238532110092	-1
CasR_1_CAS-I-II-III-IV-V-VI	NIPA01000052.1_68	146	218	0.039	11.7	65886	66323	NIPA01000052.1	68	0.4520547945205479	0.3073394495412844	-1
CasR_1_CAS-I-II-III-IV-V-VI	NIPA01000064.1_53	170	218	4e-07	28.0	58552	59061	NIPA01000064.1	53	0.32941176470588235	0.25688073394495414	1
CasR_1_CAS-I-II-III-IV-V-VI	NIPA01000066.1_32	220	218	0.014	13.2	36134	36793	NIPA01000066.1	32	0.2863636363636364	0.22477064220183487	1
CasR_1_CAS-I-II-III-IV-V-VI	NIPA01000068.1_52	138	218	6.5e-05	20.8	61301	61714	NIPA01000068.1	52	0.4782608695652174	0.2889908256880734	1
CasR_1_CAS-I-II-III-IV-V-VI	NIPA01000070.1_78	154	218	1.8e-06	25.8	66988	67449	NIPA01000070.1	78	0.3246753246753247	0.22935779816513763	-1
CasR_1_CAS-I-II-III-IV-V-VI	NIPA01000073.1_15	148	218	0.0023	15.7	21123	21566	NIPA01000073.1	15	0.35135135135135137	0.23853211009174313	1
CasR_1_CAS-I-II-III-IV-V-VI	NIPA01000092.1_47	163	218	0.00011	20.0	63469	63957	NIPA01000092.1	47	0.3803680981595092	0.28440366972477066	1
CasR_1_CAS-I-II-III-IV-V-VI	NIPA01000093.1_23	278	218	0.009	13.8	22495	23328	NIPA01000093.1	23	0.1079136690647482	0.13761467889908258	-1
CasR_1_CAS-I-II-III-IV-V-VI	NIPA01000102.1_237	156	218	0.0048	14.6	265411	265878	NIPA01000102.1	237	0.3333333333333333	0.25229357798165136	-1
CasR_1_CAS-I-II-III-IV-V-VI	NIPA01000104.1_2	644	218	0.012	13.3	467	2398	NIPA01000104.1	2	0.05434782608695652	0.1651376146788991	1
CasR_1_CAS-I-II-III-IV-V-VI	NIPA01000108.1_86	908	218	0.017	12.8	74339	77062	NIPA01000108.1	86	0.04515418502202643	0.19724770642201836	1
CasR_1_CAS-I-II-III-IV-V-VI	NIPA01000110.1_1	481	218	0.0081	13.9	3	1445	NIPA01000110.1	1	0.05197505197505198	0.11926605504587157	1
CasR_1_CAS-I-II-III-IV-V-VI	NIPA01000111.1_81	158	218	0.0023	15.7	84706	85179	NIPA01000111.1	81	0.5063291139240507	0.3669724770642202	1
CasR_1_CAS-III-B	NIPA01000016.1_58	1282	173	0.011	14.1	62638	66483	NIPA01000016.1	58	0.17238689547581904	0.5780346820809249	-1
CasR_1_CAS-III-B	NIPA01000039.1_121	371	173	0.046	12.2	124148	125260	NIPA01000039.1	121	0.09703504043126684	0.20809248554913296	-1
Cmr5gr11_10_CAS-III-B	NIPA01000078.1_3	521	146	0.027	13.1	3718	5280	NIPA01000078.1	3	0.08829174664107485	0.3150684931506849	-1
Cmr5gr11_11_CAS-III-B	NIPA01000026.1_28	333	161	0.048	12.2	23068	24066	NIPA01000026.1	28	0.2972972972972973	0.422360248447205	-1
Cmr5gr11_7_CAS-III-B	NIPA01000038.1_101	531	134	0.058	12.0	101647	103239	NIPA01000038.1	101	0.0847457627118644	0.3358208955223881	1
CorA_0_CAS-III-B	NIPA01000039.1_268	386	528	0.28	8.3	291382	292539	NIPA01000039.1	268	0.11139896373056994	0.07954545454545454	1
CorA_0_CAS-III-B-III-D	NIPA01000045.1_2	336	551	0.00084	16.7	366	1373	NIPA01000045.1	2	0.19047619047619047	0.12159709618874773	-1
CorA_0_CAS-III-B-III-D	NIPA01000063.1_20	341	551	6.5e-05	20.4	19240	20262	NIPA01000063.1	20	0.20234604105571846	0.12522686025408347	-1
CorA_0_CAS-III-B-III-D	NIPA01000108.1_99	333	551	0.00014	19.3	91090	92088	NIPA01000108.1	99	0.16516516516516516	0.09800362976406533	1
CorA_1_CAS-III-B	NIPA01000046.1_135	675	125	3.1	6.3	131522	133546	NIPA01000046.1	135	0.06814814814814815	0.376	1
Csa3_0_CAS-I-II-III-IV-V-VI	NIPA01000025.1_92	86	164	0.034	12.5	101516	101773	NIPA01000025.1	92	0.6744186046511628	0.35365853658536583	-1
Csa3_1_CAS-I-II-III-IV-V-VI	NIPA01000002.1_102	259	118	1.7e-06	26.9	103963	104739	NIPA01000002.1	102	0.18532818532818532	0.4576271186440678	-1
Csa3_1_CAS-I-II-III-IV-V-VI	NIPA01000002.1_78	324	118	0.15	11.0	82256	83227	NIPA01000002.1	78	0.4012345679012346	0.6694915254237288	1
Csa3_1_CAS-I-II-III-IV-V-VI	NIPA01000010.1_137	258	118	0.0049	15.8	149924	150697	NIPA01000010.1	137	0.18992248062015504	0.4661016949152542	-1
Csa3_1_CAS-I-II-III-IV-V-VI	NIPA01000010.1_188	300	118	0.013	14.5	203986	204885	NIPA01000010.1	188	0.3	0.7542372881355932	1
Csa3_1_CAS-I-II-III-IV-V-VI	NIPA01000018.1_203	480	118	0.013	14.4	222433	223872	NIPA01000018.1	203	0.11041666666666666	0.4152542372881356	1
Csa3_1_CAS-I-II-III-IV-V-VI	NIPA01000018.1_221	297	118	0.0035	16.3	242749	243639	NIPA01000018.1	221	0.2760942760942761	0.6779661016949152	1
Csa3_1_CAS-I-II-III-IV-V-VI	NIPA01000018.1_250	152	118	0.00056	18.8	271669	272124	NIPA01000018.1	250	0.4276315789473684	0.5254237288135594	-1
Csa3_1_CAS-I-II-III-IV-V-VI	NIPA01000020.1_96	108	118	0.012	14.6	112139	112462	NIPA01000020.1	96	0.6666666666666666	0.559322033898305	-1
Csa3_1_CAS-I-II-III-IV-V-VI	NIPA01000022.1_53	299	118	0.0095	14.9	42357	43253	NIPA01000022.1	53	0.25418060200668896	0.559322033898305	1
Csa3_1_CAS-I-II-III-IV-V-VI	NIPA01000022.1_6	280	118	0.02	13.9	3575	4414	NIPA01000022.1	6	0.10357142857142858	0.2711864406779661	-1
Csa3_1_CAS-I-II-III-IV-V-VI	NIPA01000027.1_119	334	118	2.4e-13	49.0	114175	115176	NIPA01000027.1	119	0.38023952095808383	0.9152542372881356	1
Csa3_1_CAS-I-II-III-IV-V-VI	NIPA01000027.1_92	374	118	0.029	13.3	90204	91325	NIPA01000027.1	92	0.15240641711229946	0.4830508474576271	1
Csa3_1_CAS-I-II-III-IV-V-VI	NIPA01000032.1_2	250	118	0.025	13.5	1214	1963	NIPA01000032.1	2	0.132	0.3050847457627119	-1
Csa3_1_CAS-I-II-III-IV-V-VI	NIPA01000036.1_15	233	118	2.4e-11	42.6	17005	17703	NIPA01000036.1	15	0.33905579399141633	0.7372881355932204	-1
Csa3_1_CAS-I-II-III-IV-V-VI	NIPA01000039.1_266	326	118	0.062	12.2	289361	290338	NIPA01000039.1	266	0.3588957055214724	0.3305084745762712	1
Csa3_1_CAS-I-II-III-IV-V-VI	NIPA01000046.1_10	158	118	6.1e-07	28.4	14986	15459	NIPA01000046.1	10	0.37341772151898733	0.5254237288135594	1
Csa3_1_CAS-I-II-III-IV-V-VI	NIPA01000047.1_1	113	118	0.043	12.8	2	340	NIPA01000047.1	1	0.4247787610619469	0.3983050847457627	-1
Csa3_1_CAS-I-II-III-IV-V-VI	NIPA01000048.1_130	478	118	0.019	13.9	128463	129896	NIPA01000048.1	130	0.10669456066945607	0.2711864406779661	1
Csa3_1_CAS-I-II-III-IV-V-VI	NIPA01000048.1_175	296	118	0.13	11.2	190898	191785	NIPA01000048.1	175	0.4358108108108108	0.5847457627118644	-1
Csa3_1_CAS-I-II-III-IV-V-VI	NIPA01000050.1_76	196	118	0.0005	19.0	80146	80733	NIPA01000050.1	76	0.25	0.4830508474576271	1
Csa3_1_CAS-I-II-III-IV-V-VI	NIPA01000059.1_25	159	118	0.036	13.0	26661	27137	NIPA01000059.1	25	0.4528301886792453	0.6610169491525424	1
Csa3_1_CAS-I-II-III-IV-V-VI	NIPA01000064.1_39	290	118	8.9e-05	21.4	42039	42908	NIPA01000064.1	39	0.13793103448275862	0.3135593220338983	1
Csa3_1_CAS-I-II-III-IV-V-VI	NIPA01000068.1_52	138	118	1.7e-07	30.1	61301	61714	NIPA01000068.1	52	0.644927536231884	0.6186440677966102	1
Csa3_1_CAS-I-II-III-IV-V-VI	NIPA01000068.1_76	287	118	0.0024	16.8	83832	84692	NIPA01000068.1	76	0.18466898954703834	0.3135593220338983	-1
Csa3_1_CAS-I-II-III-IV-V-VI	NIPA01000082.1_33	257	118	0.0038	16.1	30599	31369	NIPA01000082.1	33	0.32684824902723736	0.6949152542372882	-1
Csa3_1_CAS-I-II-III-IV-V-VI	NIPA01000082.1_46	109	118	1.3e-19	69.2	43070	43396	NIPA01000082.1	46	0.8807339449541285	0.7796610169491526	1
Csa3_1_CAS-I-II-III-IV-V-VI	NIPA01000082.1_60	700	118	0.018	14.0	55467	57566	NIPA01000082.1	60	0.10285714285714286	0.3559322033898305	1
Csa3_1_CAS-I-II-III-IV-V-VI	NIPA01000084.1_25	117	118	3.1e-17	61.6	25966	26316	NIPA01000084.1	25	0.6068376068376068	0.652542372881356	1
Csa3_1_CAS-I-II-III-IV-V-VI	NIPA01000086.1_360	187	118	4.7e-05	22.3	385264	385824	NIPA01000086.1	360	0.32620320855614976	0.3983050847457627	1
Csa3_1_CAS-I-II-III-IV-V-VI	NIPA01000092.1_32	306	118	0.0012	17.7	44719	45636	NIPA01000092.1	32	0.46405228758169936	0.7711864406779662	-1
Csa3_1_CAS-I-II-III-IV-V-VI	NIPA01000093.1_23	278	118	0.02	13.8	22495	23328	NIPA01000093.1	23	0.23741007194244604	0.5338983050847458	-1
Csa3_1_CAS-I-II-III-IV-V-VI	NIPA01000099.1_168	294	118	0.025	13.6	193557	194438	NIPA01000099.1	168	0.1326530612244898	0.2542372881355932	1
Csa3_1_CAS-I-II-III-IV-V-VI	NIPA01000099.1_179	303	118	0.014	14.4	204908	205816	NIPA01000099.1	179	0.12211221122112212	0.3813559322033898	1
Csa3_1_CAS-I-II-III-IV-V-VI	NIPA01000104.1_28	298	118	0.021	13.8	25546	26439	NIPA01000104.1	28	0.23825503355704697	0.5	-1
Csa5gr11_4_CAS-I-A	NIPA01000023.1_9	713	136	0.0083	14.7	10988	13126	NIPA01000023.1	9	0.24684431977559607	0.7941176470588235	1
Csa5gr11_4_CAS-I-A	NIPA01000025.1_80	561	136	0.00068	18.2	89310	90992	NIPA01000025.1	80	0.23172905525846701	0.6544117647058824	-1
Csa5gr11_7_CAS-I-A	NIPA01000092.1_30	662	125	0.0022	16.9	41491	43476	NIPA01000092.1	30	0.052870090634441085	0.28	1
Csc1_0_ID	NIPA01000010.1_26	489	225	0.038	11.9	27093	28559	NIPA01000010.1	26	0.17791411042944785	0.36444444444444446	1
Csf1_0_IV	NIPA01000068.1_3	384	227	3.9	5.5	2471	3622	NIPA01000068.1	3	0.3411458333333333	0.28193832599118945	-1
Csf1_1_IVA1	NIPA01000111.1_105	230	178	0.069	11.5	112717	113406	NIPA01000111.1	105	0.11739130434782609	0.15168539325842698	-1
Csf2_1_IVA3	NIPA01000079.1_10	147	263	0.027	12.3	7762	8202	NIPA01000079.1	10	0.5374149659863946	0.24714828897338403	-1
Csf4_0_IVA	NIPA01000025.1_166	2122	666	0.0022	15.2	187275	193640	NIPA01000025.1	166	0.10838831291234684	0.3033033033033033	-1
Csf4_0_IVA	NIPA01000040.1_194	715	666	1.6e-39	134.6	204060	206204	NIPA01000040.1	194	0.7118881118881119	0.7657657657657657	-1
Csf4_0_IVA	NIPA01000046.1_2	447	666	0.00055	17.2	1716	3056	NIPA01000046.1	2	0.24161073825503357	0.1021021021021021	1
Csf4_0_IVA	NIPA01000063.1_11	759	666	9.6e-10	36.2	10058	12334	NIPA01000063.1	11	0.31357048748353095	0.35585585585585583	1
Csf4_0_IVA	NIPA01000064.1_18	450	666	0.023	11.8	21693	23042	NIPA01000064.1	18	0.22	0.15015015015015015	-1
Csf4_0_IVA	NIPA01000066.1_13	524	666	0.002	15.3	10314	11885	NIPA01000066.1	13	0.15839694656488548	0.11561561561561562	1
Csf4_0_IVA	NIPA01000073.1_11	640	666	9.2e-05	19.7	13067	14986	NIPA01000073.1	11	0.165625	0.14864864864864866	1
Csf4_1_IVA1	NIPA01000038.1_150	555	802	0.033	10.9	155182	156846	NIPA01000038.1	150	0.34594594594594597	0.18204488778054864	-1
Csf4_1_IVA1	NIPA01000040.1_194	715	802	1.4e-12	45.2	204060	206204	NIPA01000040.1	194	0.3888111888111888	0.3478802992518703	-1
Csf4_1_IVA1	NIPA01000063.1_11	759	802	0.007	13.1	10058	12334	NIPA01000063.1	11	0.11989459815546773	0.11471321695760599	1
Csf4_2_IVA1	NIPA01000040.1_194	715	526	2.2e-07	28.5	204060	206204	NIPA01000040.1	194	0.3356643356643357	0.40874524714828897	-1
Csf4_2_IVA1	NIPA01000061.1_6	422	526	0.028	11.6	5511	6776	NIPA01000061.1	6	0.18246445497630331	0.15019011406844107	1
Csf4_3_IVE	NIPA01000040.1_194	715	648	0.00031	18.1	204060	206204	NIPA01000040.1	194	0.2153846153846154	0.2330246913580247	-1
Csf4_3_IVE	NIPA01000063.1_11	759	648	0.061	10.5	10058	12334	NIPA01000063.1	11	0.1080368906455863	0.12191358024691358	1
Csm3gr7_11_CAS-III-A-III-D	NIPA01000043.1_26	190	216	0.00098	17.2	27103	27672	NIPA01000043.1	26	0.30526315789473685	0.26851851851851855	1
Csm4gr5_0_CAS-III-D	NIPA01000043.1_40	114	652	0.052	10.3	39937	40278	NIPA01000043.1	40	0.47368421052631576	0.08128834355828221	-1
Csm5gr7_2_CAS-III-A-III-D	NIPA01000038.1_76	502	258	0.91	7.4	69299	70804	NIPA01000038.1	76	0.11952191235059761	0.2441860465116279	1
Csn2_10_CAS-II-A	NIPA01000070.1_26	535	321	0.0003	18.6	20264	21868	NIPA01000070.1	26	0.10093457943925234	0.17133956386292834	1
Csn2_7_CAS-II-A	NIPA01000010.1_157	515	372	0.0028	15.3	169842	171386	NIPA01000010.1	157	0.19805825242718447	0.26881720430107525	1
Csn2_7_CAS-II-A	NIPA01000018.1_325	582	372	0.047	11.2	335926	337671	NIPA01000018.1	325	0.05670103092783505	0.08870967741935484	-1
Csn2_7_CAS-II-A	NIPA01000040.1_167	256	372	0.011	13.3	176227	176994	NIPA01000040.1	167	0.29296875	0.1989247311827957	1
Csn2_7_CAS-II-A	NIPA01000070.1_26	535	372	0.00091	16.9	20264	21868	NIPA01000070.1	26	0.14953271028037382	0.22043010752688172	1
Csn2_7_CAS-II-A	NIPA01000099.1_140	258	372	0.0081	13.7	161767	162540	NIPA01000099.1	140	0.26744186046511625	0.18548387096774194	1
Csx10gr5_2_CAS-III-D	NIPA01000080.1_24	220	482	0.028	11.4	25071	25730	NIPA01000080.1	24	0.15	0.06846473029045644	-1
Csx16_1_CAS-I-III	NIPA01000012.1_15	322	76	0.055	12.3	13934	14899	NIPA01000012.1	15	0.17080745341614906	0.5131578947368421	-1
Csx17_0_IU	NIPA01000023.1_34	306	718	0.065	10.4	34070	34987	NIPA01000023.1	34	0.16993464052287582	0.07242339832869081	-1
Csx18_0_CAS-I-III	NIPA01000059.1_87	79	96	0.091	11.3	92147	92383	NIPA01000059.1	87	0.20253164556962025	0.16666666666666666	1
Csx1_15_CAS-III	NIPA01000068.1_67	176	474	0.014	12.8	74483	75010	NIPA01000068.1	67	0.3068181818181818	0.11392405063291139	1
Csx1_18_CAS-III	NIPA01000092.1_74	288	376	0.088	10.9	90622	91485	NIPA01000092.1	74	0.5277777777777778	0.22606382978723405	1
Csx1_9_CAS-III	NIPA01000042.1_44	413	378	0.047	11.1	45158	46396	NIPA01000042.1	44	0.324455205811138	0.3201058201058201	-1
Csx27_0_CAS-VI-B	NIPA01000068.1_87	112	238	5.2	5.6	96225	96560	NIPA01000068.1	87	0.5892857142857143	0.2773109243697479	1
Csx3_0_CAS-I-III	NIPA01000050.1_161	293	83	0.005	15.7	174185	175063	NIPA01000050.1	161	0.14675767918088736	0.5180722891566265	1
Csx3_1_CAS-I-III	NIPA01000050.1_161	293	84	0.044	12.5	174185	175063	NIPA01000050.1	161	0.13651877133105803	0.47619047619047616	1
Csx3_1_CAS-I-III	NIPA01000078.1_17	189	84	0.061	12.1	14470	15036	NIPA01000078.1	17	0.14814814814814814	0.3333333333333333	-1
Csx3_2_CAS-I-III	NIPA01000005.1_2	240	277	0.057	11.1	2125	2844	NIPA01000005.1	2	0.22916666666666666	0.20216606498194944	1
Csx3_2_CAS-I-III	NIPA01000010.1_154	456	277	0.025	12.2	165344	166711	NIPA01000010.1	154	0.05921052631578947	0.08303249097472924	-1
Csx3_2_CAS-I-III	NIPA01000016.1_29	176	277	0.05	11.3	27809	28336	NIPA01000016.1	29	0.125	0.07942238267148015	1
Csx3_2_CAS-I-III	NIPA01000035.1_13	248	277	0.0028	15.4	15084	15827	NIPA01000035.1	13	0.21370967741935484	0.19133574007220217	1
Csx3_2_CAS-I-III	NIPA01000039.1_295	494	277	1.2e-05	23.2	318007	319488	NIPA01000039.1	295	0.22672064777327935	0.33935018050541516	-1
Csx3_2_CAS-I-III	NIPA01000068.1_107	245	277	0.025	12.3	118028	118762	NIPA01000068.1	107	0.07755102040816327	0.06859205776173286	-1
Csx3_2_CAS-I-III	NIPA01000102.1_124	205	277	0.059	11.0	150122	150736	NIPA01000102.1	124	0.13170731707317074	0.09747292418772563	-1
Csx3_2_CAS-I-III	NIPA01000105.1_27	716	277	0.00044	18.0	29176	31323	NIPA01000105.1	27	0.07541899441340782	0.10469314079422383	-1
Csx3_2_CAS-I-III	NIPA01000117.1_59	571	277	0.026	12.2	58278	59990	NIPA01000117.1	59	0.050788091068301226	0.10469314079422383	1
Csy1_0_IF	NIPA01000109.1_29	435	385	1.7e-115	384.5	40241	41545	NIPA01000109.1	29	0.8666666666666667	0.9896103896103896	-1
Csy2_0_IF	NIPA01000109.1_28	328	296	8.699999999999999e-90	299.5	39271	40254	NIPA01000109.1	28	0.9359756097560976	0.9932432432432432	-1
Csy3_0_IF	NIPA01000109.1_27	343	341	6.2e-136	451.8	38232	39260	NIPA01000109.1	27	0.9708454810495627	0.9970674486803519	-1
CysH_0_IVB	NIPA01000025.1_54	376	249	0.046	12.0	59222	60349	NIPA01000025.1	54	0.22074468085106383	0.22088353413654618	1
CysH_0_IVB	NIPA01000039.1_130	443	249	0.0025	16.1	132932	134260	NIPA01000039.1	130	0.08803611738148984	0.13654618473895583	-1
CysH_0_IVB	NIPA01000040.1_43	275	249	8e-05	21.0	41560	42384	NIPA01000040.1	43	0.31272727272727274	0.321285140562249	-1
CysH_0_IVB	NIPA01000048.1_100	409	249	3.1e-11	42.0	99591	100817	NIPA01000048.1	100	0.18337408312958436	0.30120481927710846	1
CysH_0_IVB	NIPA01000108.1_82	268	249	2.3e-09	35.9	68507	69310	NIPA01000108.1	82	0.6716417910447762	0.6907630522088354	-1
CysH_0_IVB	NIPA01000111.1_15	306	249	6.3e-20	70.5	14506	15423	NIPA01000111.1	15	0.6437908496732027	0.751004016064257	-1
DEDDh_0_CAS-I-II-III-IV-V-VI	NIPA01000010.1_80	914	160	0.0012	17.6	88736	91477	NIPA01000010.1	80	0.10393873085339168	0.6	-1
DEDDh_0_CAS-I-II-III-IV-V-VI	NIPA01000043.1_70	209	160	1.3000000000000001e-32	111.8	71249	71875	NIPA01000043.1	70	0.784688995215311	1.0	1
DEDDh_0_CAS-I-II-III-IV-V-VI	NIPA01000059.1_105	184	160	1.3e-14	53.2	111505	112056	NIPA01000059.1	105	0.9293478260869565	0.99375	1
DEDDh_0_CAS-I-II-III-IV-V-VI	NIPA01000078.1_10	307	160	5.5e-33	112.9	8529	9449	NIPA01000078.1	10	0.5667752442996743	0.9875	1
DEDDh_0_CAS-I-II-III-IV-V-VI	NIPA01000082.1_8	481	160	1.8e-20	72.3	5097	6539	NIPA01000082.1	8	0.37214137214137216	0.975	-1
DEDDh_0_CAS-I-II-III-IV-V-VI	NIPA01000093.1_43	225	160	8.999999999999998e-25	86.3	46093	46767	NIPA01000093.1	43	0.7777777777777778	0.99375	1
DEDDh_0_CAS-I-II-III-IV-V-VI	NIPA01000102.1_66	181	160	1e-11	43.8	82297	82839	NIPA01000102.1	66	0.7790055248618785	0.8	1
DEDDh_0_CAS-I-II-III-IV-V-VI	NIPA01000108.1_146	247	160	5.8e-39	132.4	146296	147036	NIPA01000108.1	146	0.6639676113360324	0.99375	1
HEAT_CxxC_PDDEXK_0_CAS-I-C	NIPA01000020.1_3	322	288	0.00019	19.3	777	1742	NIPA01000020.1	3	0.6987577639751553	0.2986111111111111	-1
HTH_0_CAS-I-D	NIPA01000117.1_1	313	65	0.051	12.0	189	1127	NIPA01000117.1	1	0.06389776357827476	0.3076923076923077	1
HTH_0_CAS-III-A	NIPA01000018.1_336	301	364	5.1e-08	31.0	342745	343647	NIPA01000018.1	336	0.3920265780730897	0.30494505494505497	-1
Mem_DnaJ_0_CAS-III-AM	NIPA01000027.1_68	253	284	2.1e-07	29.1	60986	61744	NIPA01000027.1	68	0.2845849802371542	0.2535211267605634	-1
Mem_DnaJ_0_CAS-III-AM	NIPA01000039.1_307	174	284	1e-07	30.2	329936	330457	NIPA01000039.1	307	0.6609195402298851	0.29577464788732394	-1
Mem_DnaJ_0_CAS-III-AM	NIPA01000102.1_262	378	284	0.0095	13.9	290590	291723	NIPA01000102.1	262	0.13756613756613756	0.2007042253521127	1
NYN_0_CAS-III-B	NIPA01000064.1_19	168	320	6.5e-11	40.5	23120	23623	NIPA01000064.1	19	0.8630952380952381	0.459375	-1
PrimPol_0_CAS-I-II-III-IV-V-VI	NIPA01000039.1_118	356	361	0.0086	13.7	121635	122702	NIPA01000039.1	118	0.12921348314606743	0.12188365650969529	-1
PrimPol_1_CAS-I-II-III-IV-V-VI	NIPA01000038.1_10	527	130	0.028	13.1	11641	13221	NIPA01000038.1	10	0.16318785578747627	0.6076923076923076	1
PrimPol_1_CAS-I-II-III-IV-V-VI	NIPA01000040.1_214	159	130	0.0093	14.6	222606	223082	NIPA01000040.1	214	0.37735849056603776	0.45384615384615384	1
RT_0_CAS-I-II-III-IV-V-VI	NIPA01000064.1_33	423	213	2.5e-46	156.6	35862	37130	NIPA01000064.1	33	0.6099290780141844	1.0	-1
RT_0_CAS-III-AM-III-B	NIPA01000064.1_33	423	298	9.4e-78	259.7	35862	37130	NIPA01000064.1	33	0.6737588652482269	0.912751677852349	-1
RecD_0_IVD	NIPA01000010.1_31	729	763	0.0042	13.8	36042	38228	NIPA01000010.1	31	0.17695473251028807	0.16120576671035386	1
RecD_0_IVD	NIPA01000013.1_9	503	763	0.011	12.4	6137	7645	NIPA01000013.1	9	0.13320079522862824	0.08781127129750983	-1
RecD_0_IVD	NIPA01000022.1_5	272	763	0.027	11.1	2779	3594	NIPA01000022.1	5	0.17647058823529413	0.061598951507208385	-1
RecD_0_IVD	NIPA01000038.1_160	335	763	0.048	10.3	170747	171751	NIPA01000038.1	160	0.09253731343283582	0.04062909567496723	-1
RecD_0_IVD	NIPA01000046.1_181	1327	763	0.001	15.8	188259	192239	NIPA01000046.1	181	0.08816880180859081	0.1310615989515072	1
RecD_0_IVD	NIPA01000061.1_25	722	763	2.7e-29	100.4	31238	33403	NIPA01000061.1	25	0.3739612188365651	0.3237221494102228	1
RecD_0_IVD	NIPA01000072.1_17	590	763	0.00026	17.8	15961	17730	NIPA01000072.1	17	0.24745762711864408	0.17169069462647443	-1
RecD_0_IVD	NIPA01000073.1_44	345	763	0.023	11.3	55268	56302	NIPA01000073.1	44	0.0927536231884058	0.04193971166448231	-1
RecD_0_IVD	NIPA01000073.1_66	224	763	0.015	12.0	73311	73982	NIPA01000073.1	66	0.14285714285714285	0.04193971166448231	-1
RecD_0_IVD	NIPA01000073.1_67	450	763	0.0049	13.6	73979	75328	NIPA01000073.1	67	0.21777777777777776	0.1258191349934469	-1
RecD_0_IVD	NIPA01000077.1_7	2222	763	0.00024	17.9	5945	12610	NIPA01000077.1	7	0.03195319531953195	0.09698558322411534	-1
RecD_0_IVD	NIPA01000092.1_35	670	763	2.5e-09	34.4	49027	51036	NIPA01000092.1	35	0.3253731343283582	0.2503276539973788	1
RecD_0_IVD	NIPA01000092.1_84	692	763	0.021	11.5	99321	101396	NIPA01000092.1	84	0.059248554913294796	0.053735255570117955	1
RecD_0_IVD	NIPA01000104.1_40	341	763	0.00014	18.7	38599	39621	NIPA01000104.1	40	0.44281524926686217	0.17169069462647443	-1
RecD_0_IVD	NIPA01000105.1_36	678	763	1.1e-36	124.8	42095	44128	NIPA01000105.1	36	0.49262536873156343	0.40104849279161203	1
TPR_0_CAS-III-A	NIPA01000027.1_214	70	435	0.024	12.2	205106	205315	NIPA01000027.1	214	0.7857142857142857	0.12413793103448276	-1
TPR_0_CAS-III-A	NIPA01000043.1_30	70	435	0.0021	15.7	32965	33174	NIPA01000043.1	30	0.7857142857142857	0.12413793103448276	-1
TPR_0_CAS-III-B	NIPA01000066.1_76	907	488	6.5e-05	20.4	80902	83622	NIPA01000066.1	76	0.13671444321940462	0.2540983606557377	-1
TPR_1_CAS-III-A	NIPA01000023.1_45	576	462	0.00048	17.5	45553	47280	NIPA01000023.1	45	0.2621527777777778	0.14935064935064934	1
TPR_1_CAS-III-A	NIPA01000039.1_301	253	462	0.0007	16.9	324847	325605	NIPA01000039.1	301	0.5098814229249012	0.2727272727272727	-1
TPR_1_CAS-III-A	NIPA01000066.1_76	907	462	0.14	9.3	80902	83622	NIPA01000066.1	76	0.10584343991179714	0.20562770562770563	-1
TPR_1_CAS-III-B	NIPA01000039.1_301	253	537	0.00073	16.9	324847	325605	NIPA01000039.1	301	0.5059288537549407	0.24767225325884543	-1
TPR_1_CAS-III-B	NIPA01000108.1_32	169	537	0.0097	13.2	25987	26493	NIPA01000108.1	32	0.34911242603550297	0.11359404096834265	1
TnpB_1_Competitive	NIPA01000108.1_153	279	409	0.016	12.6	155531	156367	NIPA01000108.1	153	0.1039426523297491	0.07090464547677261	1
TnsB_0_V-K	NIPA01000070.1_54	402	621	0.0032	14.3	37699	38904	NIPA01000070.1	54	0.25870646766169153	0.1529790660225443	1
Unk_03_0_CAS-III-B	NIPA01000102.1_182	264	186	0.065	11.9	211558	212349	NIPA01000102.1	182	0.22727272727272727	0.1935483870967742	1
WYL_0_CAS-I-II-III-IV-V-VI	NIPA01000002.1_102	259	313	4.5e-08	31.5	103963	104739	NIPA01000002.1	102	0.38223938223938225	0.31629392971246006	-1
WYL_0_CAS-I-II-III-IV-V-VI	NIPA01000002.1_78	324	313	2.8e-86	288.4	82256	83227	NIPA01000002.1	78	0.9660493827160493	0.9840255591054313	1
WYL_0_CAS-I-II-III-IV-V-VI	NIPA01000010.1_137	258	313	0.0003	19.0	149924	150697	NIPA01000010.1	137	0.17054263565891473	0.14057507987220447	-1
WYL_0_CAS-I-II-III-IV-V-VI	NIPA01000039.1_75	252	313	9.1e-07	27.2	75681	76436	NIPA01000039.1	75	0.17857142857142858	0.14376996805111822	1
WYL_0_CAS-I-II-III-IV-V-VI	NIPA01000092.1_17	281	313	7.4e-06	24.3	23373	24215	NIPA01000092.1	17	0.43416370106761565	0.45686900958466453	1
WYL_0_CAS-I-II-III-IV-V-VI	NIPA01000092.1_19	339	313	3.2e-18	64.9	24957	25973	NIPA01000092.1	19	0.6371681415929203	0.6421725239616614	1
WYL_0_CAS-I-II-III-IV-V-VI	NIPA01000093.1_23	278	313	0.0041	15.2	22495	23328	NIPA01000093.1	23	0.16906474820143885	0.15654952076677317	-1
WYL_0_CAS-I-II-III-IV-V-VI	NIPA01000105.1_30	333	313	1.7e-15	55.9	32488	33486	NIPA01000105.1	30	0.96996996996997	0.9648562300319489	-1
WYL_0_CAS-I-II-III-IV-V-VI	NIPA01000105.1_41	335	313	1.6e-13	49.4	50046	51050	NIPA01000105.1	41	0.9104477611940298	0.9233226837060703	1
WYL_0_CAS-I-II-III-IV-V-VI	NIPA01000105.1_56	292	313	5.4e-19	67.4	67507	68382	NIPA01000105.1	56	0.6301369863013698	0.6549520766773163	-1
WYL_1_CAS-I-II-III-IV-V-VI	NIPA01000039.1_75	252	462	0.0016	16.0	75681	76436	NIPA01000039.1	75	0.3412698412698413	0.19480519480519481	1
WYL_1_CAS-I-II-III-IV-V-VI	NIPA01000105.1_30	333	462	0.0016	16.1	32488	33486	NIPA01000105.1	30	0.1981981981981982	0.14285714285714285	-1
WYL_2_CAS-I-II-III-IV-V-VI	NIPA01000039.1_75	252	462	0.0016	16.0	75681	76436	NIPA01000039.1	75	0.3412698412698413	0.19480519480519481	1
WYL_2_CAS-I-II-III-IV-V-VI	NIPA01000105.1_30	333	462	0.0016	16.1	32488	33486	NIPA01000105.1	30	0.1981981981981982	0.14285714285714285	-1
WYL_3_CAS-I-II-III-IV-V-VI	NIPA01000002.1_78	324	172	3.2e-34	117.1	82256	83227	NIPA01000002.1	78	0.5246913580246914	0.9941860465116279	1
WYL_3_CAS-I-II-III-IV-V-VI	NIPA01000070.1_65	304	172	0.033	12.8	51115	52026	NIPA01000070.1	65	0.28289473684210525	0.5116279069767442	1
WYL_3_CAS-I-II-III-IV-V-VI	NIPA01000092.1_19	339	172	1.4000000000000001e-28	98.7	24957	25973	NIPA01000092.1	19	0.49852507374631266	0.9534883720930233	1
WYL_3_CAS-I-II-III-IV-V-VI	NIPA01000105.1_30	333	172	1.2e-22	79.4	32488	33486	NIPA01000105.1	30	0.5375375375375375	1.0	-1
WYL_3_CAS-I-II-III-IV-V-VI	NIPA01000105.1_41	335	172	3.3e-24	84.5	50046	51050	NIPA01000105.1	41	0.5253731343283582	0.9883720930232558	1
WYL_3_CAS-I-II-III-IV-V-VI	NIPA01000105.1_56	292	172	6e-13	47.8	67507	68382	NIPA01000105.1	56	0.5547945205479452	0.8372093023255814	-1
htpX_0_CAS-III-B	NIPA01000002.1_40	903	343	2.5	5.7	41428	44136	NIPA01000002.1	40	0.1672203765227021	0.30612244897959184	1
htpX_0_CAS-III-B	NIPA01000018.1_269	320	343	3.7e-21	74.2	291660	292619	NIPA01000018.1	269	0.715625	0.6967930029154519	-1
htpX_0_CAS-III-B	NIPA01000023.1_8	274	343	0.047	11.4	10004	10825	NIPA01000023.1	8	0.10218978102189781	0.07580174927113703	-1
htpX_0_CAS-III-B	NIPA01000036.1_17	253	343	0.073	10.8	18721	19479	NIPA01000036.1	17	0.1976284584980237	0.15743440233236153	1
htpX_0_CAS-III-B	NIPA01000084.1_34	515	343	0.0065	14.2	33194	34738	NIPA01000084.1	34	0.1029126213592233	0.15451895043731778	1
tm_4_0_CAS-VI-B	NIPA01000027.1_61	416	225	0.0094	14.6	51732	52979	NIPA01000027.1	61	0.27884615384615385	0.5066666666666667	-1
